*doc0:MC Trấn Thành
30846
14361
9457
119149
41508
12355
80890
208411
72333
31308
124636
22588
66125
8915
17236
228389
30223
50770
9869
177628
29647
39977
3776
8802
30237
9304
37240
73737
55972
40957
52835
16995
54004
78513
22056
30651
37294
80247
69215
19469
227119
5721
104706
57034
116144
59182
189206
82468
85105
60384
89526
44790
31235
229740
245455
142010
211011
138613
594453
53733
197648
816078
22796
536973
44014
12891
28018
64033
46717
44112
22838
44121
51036
25003
11477
46418
40286
98582
39215
10619
30012
49048
46193
*doc1:Trần Khởi My
11507
34953
44887
*doc2:M-TP
281405
169985
157705
213346
156629
*doc4:Đông Nhi
41270
33462
55196
334494
25601
8363
205565
9188
214705
33167
42971
129976
10939
16207
50599
137825
26227
160938
184740
117799
67894
466407
131420
256251
16122
521319
207410
182741
150766
141620
254033
119873
55948
35169
98278
*doc5:Hồ Quang Hiếu
3095
4126
65784
28941
5078
27529
1162
36091
9382
5558
90986
24698
5043
2712
3585
5457
75024
4205
12332
10567
28692
23818
3737
4429
5136
11451
5329
16830
54728
10912
160413
3813
*doc6:Chi Pu
8623
10966
15719
15089
22821
2019
12176
1029
1774
4467
11843
10798
20203
9659
4589
22491
7472
5796
10331
22580
44229
16419
9276
8436
18500
7369
13449
3429
10310
19393
*doc7:Minh Hằng
7825
18196
7484
35887
5509
13299
30424
*doc8:Hariwon
7302
52987
3835
2942
26169
5128
7113
8302
3216
10434
35832
11716
23670
133516
2213
5786
3971
40853
2961
4656
9449
17863
31550
29145
6418
42013
23238
13248
10192
25511
5643
4490
20722
19251
40608
3642
16245
15449
47694
2936
7188
20674
39590
28755
82684
12020
38650
10164
4519
22629
51457
98817
5472
42664
35758
17884
6998
82609
9832
128282
22581
29112
140386
4960
115286
10669
217922
16155
5177
18737
4416
16530
9291
4774
44412
13221
4324
5182
25231
25136
6166
33502
4616
21787
34136
24469
6057
8877
22340
5704
22734
25865
5585
*doc10:Ly Hai Minh Ha
2379
10838
4588
26101
5801
21485
740
2410
4512
5844
10502
1644
35658
31209
3431
4413
4354
1690
8948
1555
4314
17654
5334
10703
7414
2050
4120
2008
2082
1693
5165
11924
15999
769
12852
31768
2749
6181
2779
5220
9007
2528
9956
969
18896
1713
10856
2565
4476
6293
9043
1910
5255
1199
1778
1702
1148
2114
2381
1387
1547
897
4404
12777
7166
3653
2225
1122
2035
1266
497
2059
3786
1184
5685
1090
1865
3510
1868
7606
6093
3747
5651
5997
34010
3485
19455
2510
44806
87503
9877
12109
161858
1641
7791
6174
14717
22596
10421
95879
7869
7710
2547
25221
13969
2868
5817
3234
4907
10759
1213
*doc11:Bảo Thy
29825
17795
16831
117879
19666
80942
17528
108878
74988
106402
39289
5044
64005
2766
1562
4367
9410
6087
6216
2186
5629
10936
*doc12:Thủy Tiên
17579
22008
129581
6296
1351
4730
8159
2556
8131
661
3265
17419
*doc13:Nhật Kim Anh
17369
22160
49818
9158
9421
27372
26425
30242
35752
43179
26804
50739
31823
39272
13253
50100
30084
34440
39406
32433
18729
37666
66197
17826
108194
*doc14:Nabi Nhã Phương,Nabi Nhã Phương,Nabi Nhã Phương,Nabi Nhã Phương
2643
2175
1923
2622
1860
*doc15:Ngân Khánh
4180
8725
4869
3202
2432
5236
3792
4847
11594
4258
3753
703
1145
1696
2665
1345
2559
9666
11891
8582
3534
6975
6016
13936
6463
650
*doc16:Ho Ngoc Ha
3837
6717
9232
3299
4051
3116
51447
2000
9019
6274
2951
14681
10807
7265
8006
11624
2962
2128
2837
4327
2538
3316
15611
5581
10498
3262
18275
12555
8009
4876
64171
7714
7606
6065
1904
5764
11044
5101
3776
5961
3508
8311
15680
5943
20401
1720
6258
*doc17:Lê Thị Huyền Anh
6027
3859
*doc18:Tuấn Hưng
197
*doc19:Khắc Việt Singer
1045
4200
2262
14504
6290
2916
5049
6331
2226
2699
2080
2214
3069
3074
7923
1546
884
7512
4234
5785
2477
1659
5721
2589
2174
23720
11822
14264
4907
16291
6177
1201
*doc20:Khổng Tú Quỳnh
9816
13495
20389
4096
5334
20437
40872
14284
9147
19005
6657
10948
8223
27849
35722
17906
18001
13957
4286
5034
20645
21971
19666
20732
16509
8555
15398
5788
132660
58630
59714
50414
48690
48546
112611
75519
27273
46828
37447
388581
165567
*doc21:The Men,The Men
1130
3336
2105
4325
2261
2234
2137
2254
3208
1975
3236
11693
8822
*doc22:Noo Phước Thịnh
7030
8987
7452
12580
12671
8936
9130
5609
9874
10497
4450
3456
10589
6284
6334
13197
7095
11242
2754
8460
2786
6984
12725
11761
4248
10695
11351
10476
7627
6478
9234
13745
12998
16362
8852
5806
13676
5951
9588
7497
*doc23:Vu Pham Diem My
2164
401
6191
1847
*doc26:Xuân Hinh
6106
7438
*doc27:Đàm Vĩnh Hưng Official
2452
7089
5441
4891
2487
12764
11507
1655
6335
10730
6220
17002
15036
5103
22436
8500
23196
10261
21613
7799
7489
3894
2936
25919
10625
3314
20115
7566
12503
9900
21833
17882
10021
21599
15127
7962
13298
13977
6372
21262
22216
7729
16700
6628
8645
5239
36725
9332
6628
4023
38661
3128
9228
19891
4151
13932
12492
16783
25709
18426
6911
12404
87644
24530
19980
31209
10130
66053
22376
18342
14660
3170
18507
10339
20692
14255
7893
62015
11350
39554
19868
6332
15777
59887
6673
10271
9687
*doc28:Ngo Kien Huy
29248
8515
64091
4060
7133
24309
11779
56330
17517
47013
45461
20960
49593
11310
22207
105280
21467
39463
79950
12727
30802
18787
10064
16261
18829
41207
136768
286659
156574
17125
25546
9815
8210
20319
23519
11510
11524
39480
40961
8475
145704
162990
114738
513300
295900
11797
7337
44312
54173
33958
15147
42624
15159
7644
16811
54262
39471
7890
7687
8113
6982
29632
*doc29:CẨM LY
2781
5815
7316
3014
2173
6233
3215
3161
6482
12704
5683
3866
4577
2257
2923
11720
9577
2813
2923
23105
9850
12321
*doc30:Hoàng Thùy Linh
78
3000
880
1286
2176
1235
2864
1562
2516
1362
15239
2056
1305
1147
1880
6054
534
26657
3246
*doc31:Ngoc Thao
356
5013
8445
3520
2780
4438
2329
628
3320
*doc32:Văn Mai Hương
493
1284
1192
1658
518
514
818
1580
2431
16495
1856
355
397
202
572
2665
2992
869
2813
1681
*doc33:My Tam
7476
11523
11976
39583
11798
9019
19672
48505
9533
65553
10129
13693
12076
36840
*doc34:Hữu Công
2471
273
1603
450
362
228
283
1642
4948
6905
1582
3645
3310
2792
8441
8007
6513
292
477
655
22465
587
587
1266
4772
1699
5184
595
3991
1401
1827
1861
3961
1233
167
874
13081
906
830
29675
3084
1230
10548
594
2095
8816
4472
3448
3427
2076
25918
488
9007
1986
457
315
290
2993
11380
326
962
296
414
1071
841
302
694
629
1501
2273
14134
25165
18562
119
6051
176
4341
10214
232
538
257
725
1238
6570
1089
2474
387
2767
400
796
1554
177
13917
330
3737
25189
625
249
724
1099
474
265
16126
263
192
229
11508
4384
373
437
282
247
775
4163
303
1115
580
377
131
62749
1244
299
1167
45615
71551
35803
3013
871
539
487
1382
17168
402
3425
1179
14395
1669
63007
28330
1312
1353
5465
68530
288
49657
1397
259
6034
29198
1365
18384
459
164
191
325
1698
5738
285
12297
345
477
115
7484
20023
8442
363
12132
30147
260
780
262
7226
36324
7123
3583
477
15147
286
293
80
4872
5491
529
326
962
725
1238
177
25189
1115
3013
63007
18384
2575
*doc35:JVevermind
16776
*doc36:Emily
75
428
1400
*doc37:ANGIE VU HA
2648
1035
4922
3947
1126
9511
1450
*doc38:Dan Truong Official
4472
25624
25463
8981
5152
2238
6909
*doc39:Huy Cung
7318
3379
15573
12642
33008
17672
30633
4400
*doc40:Ngo Thanh Van
16716
13170
4379
8322
1368
1070
642
7651
18624
4142
1109
2178
2972
8662
62076
26648
24720
9760
37552
46242
12468
28333
6929
2614
1789
3455
1910
18200
10529
*doc41:Dương Triệu Vũ
5475
810
13513
5822
304
2375
2077
463
10153
6365
3158
2568
595
2435
4170
1533
3197
6951
2366
768
1841
2654
6560
1513
26284
3241
1308
1667
1003
735
832
3540
762
*doc42:Nguyễn Công Phượng Jmg
95900
40366
16792
118022
*doc43:Nghệ Sĩ Trường Giang,Nghệ Sĩ Trường Giang,Nghệ Sĩ Trường Giang,Nghệ Sĩ Trường Giang
852
732
1806
1518
*doc45:Thu Minh
1301
1295
2386
1153
1186
1286
873
2286
3758
1598
3676
6032
601
1885
892
3012
2327
2154
2300
16363
206391
9027
71471
1443
*doc46:Yeah1 Video
0
5
6
31
5
29
66
47
31
19
21
39
1038
17
9
60
962
472
47
918
67
13
199
36
81
19
112
169
12
966
16
57
64
927
16
35
942
150
45
909
337
72
55
3447
147
39
85
366
19
947
28
81
196
1107
25
966
180
9
40
65
77
290
56
73
17
82
19
59
174
223
150
87
199
29
514
85
189
188
14647
92
563
14
83
71
135
23
41
457
102
11
336
51
19
157
22
27
8
233
3
104
113
6
134
83
33
16
6
36
5246
3
21
21
15
343
4
33
6
100
73
36
3653
108
0
159
11
351
242
59
161
12
3
79
915
15
7
27
4
164
378
7
19
244
83
91
25
156
78
116
5
420
13
708
47
5
35
166
418
105
414
186
177
84
80
51
10
194
12
11
603
64
336
152
33
62
121
11
248
37
39
30
108
93
88
278
411
132
42
168
61
23
49
511
80
45
298
593
98
42
94
27
21
21
515
50
150
34
103
71
105
79
21
312
58
110
2084
44
281
54
154
96
26
32
1069
55
251
139
493
53
64
135
38
40
267
82
31
546
14
19
11
77
2480
189
291
29
88
217
53
287
39
21
359
45
330
68
13
25
30
195
225
307
105
20
142
31
20
333
59
67
144
901
89
86
118
42
173
50
243
680
266
433
300
324
595
50
93
240
18
185
142
70
69
75
111
243
55
89
54
29
35
195
557
17
3447
14647
22
15
3653
7
603
30
593
493
359
433
1103
86
340
849
*doc47:Kyo York
890165
500141
1691
2497
1262
2419
6614
3120
4126
5982
1511
5253
728153
*doc48:Phương Mỹ Chi - Cô bé dân ca
1740
3347
3630
594
3169
2145
1567
2790
3533
2251
2838
10910
3196
2998
996
2890
*doc49:Sống Tích Cực
1609
709
1025
936
2443
400
931
1069
645
10912
812
118
1941
1402
5190
1374
4307
3276
569
2580
1793
2743
130
866
6101
3735
1078
4314
1520
1272
3082
2691
2674
1074
1946
1000
5292
666
1854
2038
269
172
3219
1031
3602
2310
779
1968
75
337
3618
1681
3929
810
2244
450
404
1181
1523
1926
1628
1593
256
208
5660
1011
2942
1178
2436
2762
980
452
510
928
4373
1402
2226
1166
3933
1150
1523
3989
3634
4192
1353
553
3839
657
*doc50:Linh Ka
69000
15997
55698
39662
79461
59604
48265
34429
*doc51:Nguyen Cao Ky Duyen,Marie To,Nguyen Cao Ky Duyen,Nguyen Cao Ky Duyen,Marie To,Nguyen Cao Ky Duyen
291
1248
57
*doc52:Miu Lê
5021
1140
1146
5987
*doc53:Diễn Viên Hài Thu Trang
702
4207
7452
616
11483
12390
805
5898
8571
5267
605
841
5620
1269
1193
2032
3622
4547
1658
244
337
140
897
722
7685
7185
861
7615
444
5966
1085
2902
10120
9871
809
10369
11522
1068
522
6955
3983
1272
763
1313
5880
7445
10087
2106
5227
3012
500
3613
17675
3079
2542
799
46918
2217
16432
1043
71110
54522
1694
1435
578
17098
662
6630
7707
1067
2186
3531
3494
23519
9638
5678
4166
8217
10603
3389
14594
3801
4607
1714
1896
763
4868
6950
10585
*doc54:Ưng Hoàng Phúc
5479
3231
3225
2360
1564
1398
3066
9019
6781
4559
6687
6831
14960
10756
2565
2450
3197
4294
4133
3281
1234
16304
4324
7608
21488
2355
7717
5136
1779
5768
7189
14960
20648
2675
3428
6387
9512
3191
2981
2411
8021
2307
10690
8569
9708
9711
*doc55:Bùi Anh Tuấn
2706
4453
9602
5028
8078
9016
11882
6289
12392
4204
11993
8919
8276
9914
*doc56:Công Lý
707
239
286
1087
3062
650
1303
837
919
2859
318
506
3481
352
1268
334
1868
543
7099
315
798
860
429
5723
5330
21537
2619
1978
498
532
167
706
133
16928
10366
292721
97193
19946
2447
1760
984
5384
373
16043
1199
1058
269
680
2944
37
38
4255
48
27
2256
478
1135
1311
21503
1507
258
1212
3560
2803
773
1142
37291
2059
1747
24726
3617
129
30662
1363
2066
18857
268
22939
4883
249
25928
6133
41809
5724
263
77
298
24684
139
1378
11417
3780
819
1366
453
32476
8036
51199
10495
404
1523
75
60
949
22295
2328
682
718
1054
11315
1092
23844
17239
85
347
35446
7511
13693
884
72
1873
15747
200
362
4100
2684
5989
7988
9256
2634
56
92
7987
5176
31779
135
767
2321
1168
2138
3116
2208
1914
2315
1650
19314
9746
2093
12201
34167
52434
389
*doc57:Bảo Anh
7972
6094
4598
5483
4757
8164
6596
4348
*doc58:Phạm Trưởng
4098
23368
10520
6141
3360
7173
23518
7767
8138
2572
3843
4544
41193
6865
*doc63:Phi Nhung Pham,Phi Nhung Pham,Phi Nhung Pham,Dziem Pham,Phi Nhung Pham
942
294
1176
351
1401
*doc64:Thùy Chi
2923
5106
3047
5103
5184
5011
3277
6800
10987
5508
*doc65:Linh Miu
5391
2361
8469
12329
8216
3192
836
6946
*doc66:Phuong Thanh
535
933
49
961
377
1519
3803
582
481
497
1317
2498
745
1502
993
821
1508
1906
343
773
2271
2674
207
578
386
1168
888
546
405
197
300
532
449
1746
1019
177
3722
448
434
283
1417
812
666
218
673
1947
313
680
372
209
644
1659
1746
704
860
497
2001
525
762
494
441
351
1166
685
379
896
1585
2277
401
769
197
*doc67:Le Cong Vinh,Thủy Tiên
5154
*doc68:Vũ Cát Tường
5727
5830
5494
4482
7276
4378
4165
4924
6520
5171
3950
5779
3628
6909
7408
8733
5551
6326
3375
7271
3959
6528
12701
6386
2363
6694
8766
6939
78090
5924
7397
5365
5653
5202
5282
3472
9155
5733
4477
6356
166113
12090
8497
9149
*doc69:Suboi
90
152
115
69
1590
2819
619
161
277
563
349
688
994
*doc70:Trang Moon DJ
865
*doc71:Bằng Kiều
1350
767
1320
1780
*doc72:JustaTee,Tuborg
210
4856
1091
*doc73:SaKa Trương Tuyền
3032
1703
2677
8027
7648
6479
16401
27514
18978
58706
13107
2165
5114
9366
20620
15347
8665
18353
*doc74:Nguyễn Xuân Bắc
715
2413
8165
299
564
1662
4320
3572
*doc76:Việt Hương
5754
19350
5448
3259
2668
6318
8469
8458
9576
2541
1422
3240
1142
1697
9539
7607
1243
16824
1270
823
2096
3755
2629
6005
40112
8667
762
928
2941
25604
*doc77:Sam,Vsmart
2299
9435
1316
3428
23706
11660
129886
65412
1320
55802
60634
8908
2320
10753
810
918
13184
1289
1953
4234
1782
3185
8871
1111
989
58347
35554
12471
859
2574
5939
12650
5659
11576
6083
10570
8438
2489
8504
199377
27990
80631
14540
1207
2301
6905
28974
2724
1431
5824
4566
8011
9029
5178
1994
11501
55866
32906
12540
14486
113596
6872
18612
52182
30903
2640
12935
22645
10399
5055
10529
66330
7517
2628
1709
18077
5493
7105
14503
10310
4500
63295
74649
10366
87159
1865
9449
9579
5510
16702
75256
5623
58737
7969
1734
5402
28287
7461
29167
91701
31978
11657
9858
42872
18792
51562
4707
4258
3181
2321
32203
61763
10315
9530
26486
1225
6566
3936
12924
27981
14828
*doc78:ĐỖ KIM PHÚC
1343
8138
1268
619
1795
869
737
18349
567
3216
716
14200
670
4417
3996
2267
7355
1601
1314
3697
148
6985
4792
1138
1738
11773
11527
4392
3306
1396
133
4568
4449
7960
248
14294
458
916
10373
1895
867
746
2361
12618
7904
29347
2437
11450
1841
1728
10016
2528
1083
1072
3048
9410
1023
954
1120
10630
731
1680
2338
2326
9590
1902
1784
6241
708
1768
11444
842
610
1211
1018
847
15678
3882
560
1135
10819
1718
8238
4644
1181
1443
4972
16104
1301
686
2385
6331
3247
7326
37472
5627
5618
4176
2607
1411
7453
3582
835
2022
8058
2091
6227
2915
1565
2371
5744
3627
2080
2358
11082
1742
7924
4802
8543
8919
3632
5430
1853
6061
9256
4869
2094
6146
1392
481
1001
2320
2882
*doc79:Yeah1 Plus
24
980
26
935
89
928
26
987
907
994
121
949
52
56
14
915
12
1008
22
1115
20
51
60
16
13
129
14
45
1
108
53
110
3
13
197
7
7
219
6
47
152
17
90
484
9
6228
92
19
44
90
9
12
1086
3
33
10
79
100
36
41
16
24
71
421
12
207
21
17
31
125
135
2589
71
751
52
690
197
274
227
10
55
4
8
3464
8
16
596
92
85
*doc80:Nguyễn Hương Ly
14647
35403
51922
10343
7948
31569
6173
12194
78343
10563
35742
46115
8726
42894
71613
2589
31188
155276
13368
24787
37289
10738
46406
40733
44860
30994
55685
44640
41611
44507
25799
*doc81:Chi Dân
4262
10667
12520
11908
4641
4978
*doc82:Quang Lê
2279
2132
722
951
5572
485
922
1735
2042
1201
1861
2066
952
581
64686
1537
1307
2251
4639
1029
841
3104
24669
998
833
729
2206
964
1097
4555
1627
1665
643
1147
1117
2551
*doc83:Hồ Quỳnh Hương
694
923
1080
1585
*doc84:MLee
1369
4853
3550
14510
*doc85:Bích Phương
6457
10672
1919
38337
2073
52265
7751
12510
5102
1764
14921
*doc86:Quynh Anh Shyn
869
2042
127
3269
1836
1736
487
699
659
3608
2632
155
77
3198
5349
7930
3496
281
1687
3263
1960
1699
3372
1727
8944
3874
4108
3848
949
5117
4600
3267
2663
2069
4490
1800
2539
3608
2100
3111
5680
1200
4547
230
*doc87:Nguyễn Trần Huyền My
7102
10739
16065
8722
14708
*doc88:Gia Đình Đăng Khôi
593090
1665
64030
1341
10482
464072
1605
5654
1514
953123
1196
538081
760105
1799
2208
852078
551063
12569
2032
9120
2550
2823
3089
1078
4423
517117
599096
202051
9757
4019
3331
3001
75077
1142
9164
6314
101747
10118
4429
6041
323072
2229
496072
596093
1626
*doc89:Phương Ly
30156
12197
86691
10867
1183
4997
8850
19275
2968
7783
6972
16518
17608
32835
39727
6334
*doc90:Dưa Leo - Stand up comedian
730
1080
2236
1360
3654
2634
1302
10049
19472
3987
5282
3357
5478
892
3868
1047
8251
887
1072
*doc91:Đen Vâu
17532
68849
24375
42099
18971
18372
13770
25198
10009
20298
11773
18466
15448
20991
56322
31428
22841
48310
12349
29190
9516
25299
20861
22712
27100
20339
20155
*doc92:Hoàng Yến Chibi
568
387
2400
677
3900
4913
1325
6784
3300
3451
790
872
3494
1833
629
3400
4514
3323
4100
1060
3100
8259
882
2007
5609
1828
2649
3115
983
1615
4294
29914
2556
5894
3679
1396
4726
6509
*doc93:Gin Tuấn Kiệt
19370
20341
30998
7066
5642
25833
19042
12334
19482
6814
21338
26049
8325
*doc94:Thái Tuyết Trâm
25
26
144
36
40
28
34
46
59
68
171
65
258
131
121
228
656
67
381
90
434
84
1027
643
41
72
1687
324
364
431
1208
1004
781
1017
602
238
173
110
694
106
*doc95:Khánh Phương Singer
2154
3343
2289
714114
2113
3170
2991
3996
3060
883327
1891
4698
473093
8368
357096
10614
689201
2248
1780
1349
1482
7886
19179
10418
14825
12648
18167
28055
9402
1474
1159
3611
52985
17825
5955
*doc96:Hoài Lâm
1711
11600
41440
1812
1283
*doc97:MC Phan Anh
163
60
109
35
1745
28
59
143
77
27
114
143
147
166
40
50
48
43
46
178
43
*doc101:Như Hexi,Như Hexi,Như Hexi,Như Hexi
228
915
*doc104:Hoa Hậu Hương Giang
23465
12337
7284
40287
18291
16976
9689
454784
14656
12733
25231
12394
45910
6314
23383
12830
18943
14530
10963
9498
5411
40181
77552
15749
30813
12112
15595
5874
4671
25056
10910
33175
11294
43303
14247
16349
32932
26679
46070
21550
16365
36056
5297
60406
31711
10977
*doc105:Hòa Minzy
12968
5626
6412
14194
9396
*doc106:Trang Phap
1460
150
184
3739
1672
84
4030
139
92
1154
5351
2933
354
*doc107:Gil Lê
5879
3320
5305
8718
9127
17307
12777
5820
*doc108:Ông Cao Thắng
1491
233320
1229
2431
2341
5030
14408
*doc109:Quang Đăng,Quang Đăng,Quang Đăng,Quang Đăng
90
30
150
87
162
*doc110:Linh Thai / Thái Vân Linh
2891
2233
2002
3023
2979
8701
14264
20966
598
2665
10829
15882
1054
*doc111:Diệu Nhi
7418
4681
1852
38262
11113
8179
1419
14785
2453
15320
23169
4789
2061
11287
4376
3373
3274
3324
4807
25470
5616
2003
5047
3265
3522
32451
21188
3124
89936
43837
110070
138749
4172
11860
7635
3243
17216
12152
4185
*doc112:Lương Y - Võ Hoàng Yên
39
76
135
120
398
226
71
1101
46
101
46
28
29
107
10
30
486
210
6
30
545
28
16
70
301
132
129
882
40
244
476
89
117
122
322
138
75
22
54
46
15
52
23
54
60
151
284
59
28
48
28
95
58
176
57
107
577
24
591
181
34
86
64
196
177
80
76
126
66
322
771
405
28
154
43
125
343
2024
85
69
135
104
333
68
59
526
50
341
333
1383
18
65
396
181
65
68
226
232
5
70
19
137
70
19
522
159
581
1761
134
389
195
31
125
47
100
547
236
1153
37
70
287
85
35
489
604
131
67
138
137
633
55
56
89
650
720
65
1038
530
5
229
1111
758
3478
382
325
180
194
354
39
642
278
24
291
264
114
29
40
22
160
27
23
74
181
58
63
656
56
29
157
19
124
38
88
30
125
33
45
87
184
46
58
27
125
77
4115
64
55
26
117
77
53
17
81
120
93
93
16
33
335
86
55
107
26
95
18
41
98
28
33
24
25
25
11
22
18
21
13
202
174
225
21
20
50
90
69
176
141
61
95
50
67
76
34
13
27
31
26
118
116
36
10
*doc113:Sĩ Thanh,SiTa Beauty
562
558
9400
3436
183
3868
6875
6132
5377
2205
267
201
3955
1681
2718
6949
8021
3476
7327
1265
8007
7780
1051
3668
14606
1165
968
5416
5986
783
8143
3036
6437
5584
1228
7708
9306
1842
1419
12627
1346
8537
1836
11402
10227
4201
406
8264
1825
452
1542
24639
4068
2973
11480
12576
*doc114:Đức Phúc
16074
12879
42884
5093
77521
2942
1193
22651
24251
129257
53533
20717
3116
*doc115:Phạm Quỳnh Anh
2922
1481
878
2132
2600
2826
1335
1000
1529
15879
682
5503
4098
8185
967
1708
796
894
812
447
1241
1150
526
743
1322
458
1774
2135
*doc116:Ưng Đại Vệ
787
87
3726
1063
1396
1829
980
1853
4256
14189
6105
15165
17228
3581
5265
963
2344
1081
10940
3167
2516
726
*doc118:Tiến Sỹ Tâm Lý  Huỳnh Văn Sơn
80
410
235
215
541
551
208
368
232
315
214
279
*doc119:Hoa Nhật Huỳnh
5310
2566
3647
2734
2440
6538
3661
4547
3329
5066
4566
3961
347
5767
6639
5442
3392
5776
6577
7724
9334
2385
*doc120:Ms Hoa Giao tiếp
56
546
45
31
97
689
1221
308
19
29
137
297
21
889
232
87
814
73
214
56
61
531
112
559
62
38
199
125
44
162
66
21
822
1060
2133
123
126
11
28
595
28
51
250
103
61
44
38
63
85
199
211
396
73
67
3
672
309
6418
53
103
52
18
177
115
139
4
202
753
69
179
23
136
41
48
859
883
106
3158
591
109
1336
43
67
111
149
114
346
28
171
426
74
1055
32
103
36
1829
100
169
25
1576
51
28
16
502
158
12
61
26
36
57
31
13
42
48
245
25
1120
86
31
966
98
31
812
1140
57
147
38
284
7
75
76
23
140
48
11
21
119
1639
187
347
188
1813
146
7
1938
32
178
77
*doc121:Isaac,Báo Thanh Niên,Báo Thanh Niên
1234
6743
9490
8904
6287
6294
4922
17101
11065
24022
4893
31257
6253
3044
10759
7029
4953
16050
11903
22127
7913
8297
6562
22923
51307
4395
19533
10572
10906
*doc122:Vicky Nhung
280
597
887
694
849
683
1422
1220
1153
1601
729
1100
1359
1120
1250
704
273
1304
440
*doc123:Trịnh Thăng Bình,Trịnh Thăng Bình,Trịnh Thăng Bình,Trịnh Thăng Bình
714
243
498
513
723
*doc124:Hien Thuc
821
2906
1084
3234
3473
1977
4572
581
3424
*doc126:Mỹ Linh
2153
94
408
*doc127:LiL Knight
936
1697
1532
616
604
596
516
368
1066
7388
*doc128:Hà Anh Tuấn
8800
8134
*doc129:Hoàng Anh Vũ
157
548
266
1114
6667
1060
378
2308
1674
1699
6069
349
1544
1012
415
224
3899
673
329
353
2693
2426
2131
362
240
4392
383
1563
317
397
385
449
1266
765
6589
1438
734
773
10363
7963
5758
510
849
607
*doc130:Mạnh Quân
81
234
161
176
2284
621
2299
705
1754
165
349
874
482
114
653
226
1663
107
96
1004
1672
2727
4136
346
3993
801
172
3484
989
212
1633
405
334
754
1705
2829
1016
447
368
981
2317
8121
1041
518
1053
*doc132:Chau Bui
4634
1800
473
1448
443
2280
3474
1275
1408
1577
6682
1802
749
3462
1796
2659
2984
1142
7816
4883
3662
3568
9532
6653
3611
2956
5900
3253
8800
7600
8096
18000
6110
2677
1051
4185
1949
1766
3111
4868
5633
4165
9577
9677
5944
6213
1714
10327
13348
4959
1460
12396
*doc135:Thế Sơn
563
1465
2302
*doc136:Trung Quân
317
1336
1403
356
385
987
175
822
1830
2242
1221
1524
2548
270
198
1115
1418
1672
2324
1842
2554
158
1427
146
282
1930
*doc137:Trang Hạ
474
3124
2144
4147
2126
4692
937
597
1066
8968
2441
*doc138:Diễn viên Vân Trang
677
4524
15614
16278
8678
6802
4294
197
4522
376
3214
311
8129
652
9447
288
9866
10346
1595
1287
9236
2960
10441
3579
1873
329
425
55477
619
*doc139:Hứa Vĩ Văn
1467
5797
7089
*doc140:Thái Trinh
1960
1799
1427
1481
5808
959
20339
3390
871
*doc141:Khánh My
689
440
*doc142:Vĩnh Thuyên Kim
255
211
389
390
691
20095
12657
1664
1823
707
761
818
*doc145:Hey TV,Khánh Trịnh Quang
2
132
50
49
20
50
80
27
56
19
80
*doc146:Shark Phạm Thanh Hưng
2098
901
2008
1434
1667
2034
754
2240
2428
1750
1806
2739
3478
3612
629
1846
818
2546
*doc148:MONSTAR ST.319
319402
*doc151:Hoa Hậu Ngọc Hân
203
589
414
96
395
556
277
325
532
*doc152:Quang Anh Rhyder
102
104006
378
189
235
467
71
325
345
*doc153:Lan Khue
4359
2014
6056
7939
2629
3514
*doc154:Hiền Hồ,Báo Thanh Niên,Báo Thanh Niên
762
6172
5771
2079
7051
16585
20876
18726
2216
2886
2773
1644
38515
10015
1622
11648
9445
3146
10648
2578
21074
6481
12615
22927
*doc157:G-Dragon Vietnam
1836
6851
8027
2554
1209
2303
5714
7023
4963
8280
8120
3427
5696
6869
6175
4721
3921
3958
2403
4475
6762
7274
1406
14234
1615
3839
5568
3442
7362
5555
8289
6892
3941
5072
6465
3354
2317
3866
3266
3730
3578
4563
2363
3327
5826
6853
6813
8213
9511
2921
3751
3451
3899
15966
5437
4344
2111
4898
2139
6430
6117
5332
2384
*doc158:Gari
362
828
105
201
259
324
2212
591
1489
1244
219
1923
44
333
1189
1822
464
787
1132
1568
106
1686
2645
2437
1087
926
127
240
539
239
802
63
603
1429
3665
1308
120
421
52
570
513
2761
446
308
66
1247
115
141
2958
730
84
1828
147
1814
150
2228
4567
194
587
3127
96
1399
2171
1927
2283
319
1529
2156
112
2410
595
125
1980
170
5398
1122
240
4631
409
950
433
420
2785
1138
1096
531
337
1129
3328
874
166
852
147
3878
668
710
137
161
870
1517
885
603
120
168
1926
205
1531
1359
2525
1983
412
3060
979
467
9223
149
1943
3297
793
3402
1405
411
4549
982
279
4822
329
395
4334
718
671
*doc159:MASEW
6215
42628
4944
*doc162:Huỳnh Anh
504
88
395
474
715
789
1553
145
147
658
422
338
262
250
126
749
418
*doc163:H'Hen Niê
2628
1877
5409
2360
5772
4019
967
2982
3816
7937
2440
10229
6228
783
465
6376
10746
1783
9762
6682
6984
3316
1626
6481
6079
4537
9232
5771
5105
10738
4707
4059
4203
2373
7676
8329
86415
*doc164:Anh Minh
123
708
307
228
797
263
360
*doc180:Remix New Generation - Hoà Âm Ánh Sáng
76
12
113
42
28
7
289
6
44
17
5
33
9
33
11
53
22
36
9
22
5
53
16
30
51
32
3
21
69
26
28
21
24
3
51
52
14
14
19
13
87
60
132
150
83
137
56
90
49
113
17
40
78
*doc181:Nguyen Duy Manh
9878
7323
1598
6356
5487
7314
4096
2213
4573
8403
1715
1127
1192
732
2306
*doc182:An Coong
886
1574
*doc183:Binz Da Poet
*doc185:Mi-A Singer,Gương Mặt Thân Quen
232
40
24
14
18
99
47
37
41
25
*doc189:Lệ Quyên
997
415
2071
849
1209
1129
1474
371
333
1604
1072
3643
537
2924
1223
926
483
2043
3233
1205
903
2403
1392
812
1619
448
2025
1647
613
1076
715
2140
740
1434
578
1416
1226
1001
4227
9372
760
542
329
1126
6055
2334
548
2292
2501
779
1710
2247
1444
1976
18680
3531
873
2095
1193
2251
522
731
1976
594
1028
528
1901
515
616
4872
1057
518
10420
2203
970
782
1971
733
1522
809
1595
781
788
679
1646
1670
398
832
1111
1739
592
*doc190:Quang Vinh
4319
3245
1728
1156
3965
1870
908333
2157
3481
1547
3841
2948
3705
1558
*doc191:MC Thanh Mai
160
427
119
96
260
109
344
124
117
446
4
42
299
876
121
91
228
307
437
301
352
329
109
133
9
149
741
465
92
60
13
205
704
251
168
681
125
221
237
853
218
56
117
918
133
257
321
529
116
326
34
437
174
96
188
34
229
340
212
883
306
255
194
44
165
684
207
361
403
222
30
323
941
203
256
164
80
275
605
187
238
40
349
*doc192:Nhạc DJ
0
19
36
3844
81
249
8401
2521
4663
2645
4210
635
1012
15822
3654
5348
78
10192
7223
212
13273
47
8550
387
52
12240
26519
1978
656
1009
105
163
128
107
352
48
634
1236
310
846
1045
7889
2675
3736
3230
1160
6487
12234
3245
4511
1224
4084
1909
3360
2842
3711
2636
3278
1230
2124
2175
19050
2745
6489
119
80
93
2524
8119
3548
4774
1527
6820
1615
1818
265
333
5095
*doc193:Only C
1154
271
516
700
95
*doc194:YanBi
24
36
19
27
9
25
14
70
13
6
17
*doc195:Zenio
1
2
1
4
75
1
1
2
14
*doc196:MC VIỆT THẢO
140
385
58
65
115
217
691
189
249
631
496
230
331
75
255
87
284
56
1249
143
217
84
218
442
139
669
247
114
327
99
432
444
647
128
376
473
127
492
79
444
172
60
116
249
40
425
614
787
91
922
70
55
328
51
44
221
30
30
300
40
29
114
33
143
35
35
104
65
40
162
47
48
271
81
53
57
344
179
250
281
696
80
327
149
231
69
72
363
339
184
268
544
90
308
727
210
83
815
431
1813
138
68
174
94
165
547
158
213
334
122
659
97
394
713
294
129
154
82
319
810
80
73
1156
399
1773
274
400
204
833
411
377
1136
198
579
680
129
792
566
159
168
1371
298
626
279
508
600
332
674
220
1481
1025
321
1428
2094
1332
165
301
8172
1049
690
429
3498
311
826
3277
1476
434
256
189
208
651
909
292
382
486
123
283
480
279
768
135
477
*doc199:Ha Anh Vu TV
1092
1414
21134
128
173
6306
2741
2327
5347
12978
7745
5605
