30846
14361
9457
119149
41508
12355
80890
208411
72333
31308
124636
22588
66125
8915
17236
228389
30223
50770
9869
177628
29647
39977
3776
8802
30237
9304
37240
73737
55972
40957
52835
16995
54004
78513
22056
30651
37294
80247
69215
19469
227119
5721
104706
57034
116144
59182
189206
82468
85105
60384
89526
44790
31235
229740
245455
142010
211011
138613
594453
53733
197648
816078
22796
536973
44014
12891
28018
64033
46717
44112
22838
44121
51036
25003
11477
46418
40286
98582
39215
10619
30012
49048
46193
11507
34953
44887
281405
169985
157705
213346
156629
