*doc0:Blog Tâm Sự,Blog Tâm Sự Video
11
81
18
49
9
389
51
170
342
2049
42
7
26
30
116
707
97
252
146
34
507
2488
5019
128
81
1552
85
96
54
84
94
414
324
152
72
116
182
219
67
898
673
177
70
69
*doc1:Góc Thư Giãn
86939
4508
3265
9300
9882
3637
7817
8966
2594
7177
2801
7948
6022
8750
3864
7245
4399
4216
4721
41824
3962
2279
13457
4239
35721
9695
6687
4607
21145
5459
13041
2548
3488
2917
14271
5319
6326
20973
3699
2799
6880
14319
108574
9449
111572
3033
2743
5978
19676
8253
9076
3017
16923
34519
9946
11311
14839
23670
1979
4557
40097
2787
7064
26294
4916
26374
36031
5609
11500
31990
42970
27502
6834
65204
6767
7764
41729
14898
12194
19048
2691
4108
7333
222585
4158
4777
28511
2406
5152
3916
12616
5133
7800
2933
127887
19780
20194
62107
5010
4176
3370
6219
2831
4631
6641
27828
5882
4209
3152
24987
4012
28377
53207
3214
84050
4123
2966
13431
2742
3319
17990
10780
3013
45319
20590
78932
23448
94608
17257
22438
36030
22727
8437
119358
26317
31012
45148
9418
23681
26231
9796
32577
11663
30320
41867
7047
22398
37919
87528
89757
9956
30700
*doc2:Đại Kỷ Nguyên - EpochTimes Vietnam
2
28
20
14
30
58
70
11
16
10
11
5
14
24
41
11
23
152
7
103
29
14
24
156
1298
151
238
42
9
800
11
1415
395
64
25
11
262
28
23
80
53
99
9
43
319
1070
277
375
9
0
283
5
76
419
25
18
4
120
84
2329
548
12
69
1148
128
21
347
50
22
781
281
57
36
31
20
63
29
25
53
14
27
80
37
101
55
21
36
25
20
80
16
102
15
88
9
41
195
1217
72
64
526
286
24
18
5
21
118
39
35
38
376
546
9
7
20
665
319
88
177
479
32
10
188
73
817
9
38
375
170
35
16
322
11
52
296
8
31
3
49
165
380
253
31
27
16
338
70
1114
48
258
54
438
160
181
58
11
703
38
537
33
13
26
216
261
56
50
100
44
68
82
17
120
29
58
30
50
17
11
112
23
29
30
9
426
57
62
44
612
235
121
76
18
202
2371
78
77
29
260
117
79
311
259
40
63
337
13
238
802
160
163
59
23
40
17
204
73
125
209
102
30
32
160
180
370
3191
18
618
718
33
1055
88
60
651
1391
136
22
54
1332
64
104
55
358
239
19
781
40
33
255
42
11
39
46
6
21
1006
53
45
86
29
73
37
100
30
169
230
28
52
41
11
16
656
15
182
15
49
1061
29
103
227
77
6
430
203
392
45
209
1131
84
796
37
587
8
2106
50
70
321
60
736
508
418
829
58
617
35
69
78
497
75
18
579
89
1077
38
279
34
124
447
38
221
13
27
92
155
74
827
52
25
176
68
300
376
96
221
64
53
52
137
111
70
41
67
30
87
28
542
27
127
1522
124
45
472
28
17
35
41
139
27
434
160
25
318
68
23
60
503
4
527
16
624
9
259
30
16
314
258
263
212
35
146
29
571
619
7
194
2119
178
118
292
193
210
59
1589
697
157
34
25
16
557
109
2490
166
414
76
76
59
193
35
160
43
72
294
114
56
571
571
42
195
20
260
513
65
202
23
42
24
35
242
50
33
40
29
1938
38
13
328
69
49
21
29
36
111
25
26
1497
401
26
49
4343
25
147
156
395
278
260
209
434
619
160
325
306
183
414
453
212
217
2524
152
120
1139
328
298
3412
286
961
611
424
422
442
*doc3:Blog Tâm Sự,Blogtamsu Chuyện Chúng Mình
2359
70
52
1050
62
68
36
68
79
342
256
130
57
101
170
190
62
541
622
169
64
69
90
14
552
70
853
305
176
256
88
*doc4:Góc Thư Giãn
91319
4611
3268
9412
10009
3637
7823
8972
2594
7183
2807
7951
6025
8753
3864
7251
4399
4216
4821
42947
3962
2279
13460
4242
35724
9695
6687
4607
21145
5459
13041
2548
3488
2917
14271
5319
6326
20976
3699
2799
6880
14319
108577
9449
111572
3033
2743
5978
19676
8253
9076
3017
16923
34519
9946
11311
14839
23670
1979
4557
40097
2787
7064
26294
4916
26374
36031
5609
11500
31990
42970
27502
6834
65204
6767
7764
41729
14901
12194
19048
2691
4108
7333
222585
4158
4777
28511
2406
5152
3916
12616
5133
7800
2933
127887
19780
20194
62107
5010
4176
3370
6219
2831
4631
6641
27828
5882
4209
3152
24987
4012
28377
53207
3214
84050
4123
2966
13431
2742
3319
17990
10780
3013
45319
20590
78932
23448
94608
17257
22438
36030
22727
8437
119358
26317
31012
45148
9418
23681
26231
9796
32577
11663
30320
41867
7047
22398
37919
87528
89757
9956
30700
*doc5:Đại Kỷ Nguyên - EpochTimes Vietnam
12
33
27
30
15
30
64
84
11
16
10
12
5
14
24
41
11
23
163
7
103
29
15
24
156
1316
155
238
39
9
807
11
1426
398
65
25
11
262
28
23
80
53
99
9
43
321
0
1085
279
376
9
284
5
76
421
25
18
4
121
84
2341
550
12
69
1148
128
21
349
50
22
787
283
57
36
33
20
64
29
25
53
14
27
80
37
101
55
21
36
25
20
80
16
102
15
88
9
41
195
1219
73
65
526
288
24
18
5
21
119
39
35
38
376
547
9
7
20
668
320
88
177
479
32
10
188
73
818
9
38
375
170
35
16
324
11
52
298
8
31
3
49
167
381
253
32
27
16
338
70
1114
48
258
54
438
160
181
58
11
705
38
537
33
13
26
216
261
56
50
100
44
68
82
17
120
29
58
30
50
17
11
112
23
29
30
9
426
57
62
44
613
235
121
76
18
202
2471
78
29
77
260
117
79
311
259
40
63
337
13
238
802
161
164
59
23
40
17
204
73
125
209
102
30
32
160
180
370
3191
18
618
718
33
1055
88
60
651
1393
136
22
54
1332
64
104
55
358
239
19
782
40
33
255
42
11
39
46
6
21
1006
54
45
87
29
73
37
100
30
169
230
28
52
41
11
16
656
15
182
15
49
1064
29
103
227
77
6
430
203
392
45
210
1131
84
796
37
587
8
2106
50
70
321
60
736
508
418
829
58
617
35
70
78
497
75
18
579
89
1077
38
279
34
124
447
38
221
13
27
92
155
74
827
52
25
176
68
300
376
96
221
64
53
52
137
111
70
41
67
30
87
28
542
27
127
1522
124
45
472
28
17
35
41
139
27
434
160
25
318
68
23
60
503
4
527
16
624
9
259
30
16
314
258
263
212
35
146
29
571
619
7
194
2119
178
118
292
193
210
59
1589
697
157
34
25
16
557
109
2490
166
414
76
76
59
193
35
160
43
72
294
114
56
571
42
195
20
260
513
65
202
23
42
24
35
242
50
33
40
29
1938
38
13
328
69
49
21
29
36
111
25
26
1497
401
26
49
4343
25
156
398
280
260
209
434
619
160
325
306
183
414
453
212
217
152
2524
120
1139
328
298
3412
286
961
611
424
422
442
*doc6:Blogtamsu Chuyện Chúng Mình,Blog Tâm Sự
33
30
38
30
26
38
113
95
37
38
134
41
299
30
31
92
41
43
*doc7:Hội những người thích đọc tin tức 24h,Cuộc Sống Quanh Ta
141
400
379
67
2691
580
100
91
1099
551
1480
1899
93
300
873
396
281
947
393
377
129
235
246
187
2904
2404
586
2322
224
523
415
238
371
476
270
722
146
2121
666
79
249
612
449
320
1113
302
456
1126
1283
516
666
4371
49
514
103
486
1366
354
133
419
1235
325
2093
1023
291
858
218
224
4614
6538
866
783
303
204
245
8182
285
46
140
1789
521
449
555
989
445
75
332
249
123
1051
237
45
567
583
1155
1708
70
2143
146
297
546
2937
380
632
2054
4208
156
417
473
268
3003
139
731
274
681
501
183
57
172
3300
1331
542
1153
2738
641
4954
398
1177
7729
2009
144
675
291
159
870
185
293
300
469
2278
251
1024
4469
2752
712
93
176
200
538
1521
283
625
2443
345
2741
1650
313
2949
683
137
3321
492
193
512
344
1656
78
333
1000
2709
110
1576
228
2089
358
513
609
591
87
565
223
321
239
1299
589
1192
244
117
149
1294
223
1085
192
227
289
428
457
161
219
270
18245
640
2554
191
732
1347
55
323
3674
42
463
2922
151
331
1014
335
6241
1364
2629
1172
1066
57
33779
262
664
91
143
731
5305
505
3992
1160
198
265
435
150
731
155
99
571
118
208
737
420
210
2978
229
532
219
266
1580
2852
6517
343
888
299
2032
3418
145
935
1416
3936
1456
19663
469
929
254
1610
4928
122
3235
1101
1283
535
204
1162
204
510
369
147
15844
702
5613
172
747
760
1236
359
549
943
363
1288
23692
317
336
2031
932
531
5038
171
223
143
7343
954
403
217
160
1340
1764
322
2548
3910
365
168
364
111
1258
226
572
234
71
776
557
251
138
553
456
629
164
85
441
216
402
1200
5108
143
279
372
551
16285
198
464
588
727
2678
382
385
1774
1712
146
450
883
266
31422
1054
74
199
407
161
4166
42
857
1597
201
2319
5075
120
324
331
464
1663
132
300
228
259
732
675
336
675
150
14266
6002
2486
187
170
428
625
1114
3478
3268
242
7210
646
4862
7568
1133
4653
175
1063
18551
3677
137
14067
638
406
84
915
97
146
149
135
127
617
1019
972
1660
128
196
1229
258
217
434
1157
464
515
132
469
798
302
2830
6101
667
1771
323
166
381
1529
3088
94
77
1587
82
286
366
3169
170
258
362
557
704
978
382
270
2752
1576
464
1229
137
102
617
571
337
1490
576
939
858
*doc8:Blog Tâm Sự TV,Blog Tâm Sự TV
57
43
91
185
1316
50
708
128
310
106
173
94
*doc9:Webtretho
39
404
573
113
39
424
102
1260
4034
2406
566
106
710
2827
87
2981
39
448
112
103
284
*doc10:Blog Tâm Sự Giải Trí,Blog Tâm Sự
43
6
118
21
44
532
480
*doc11:Blogtamsu,Best Ideas
1
20
25
2
3
31
15
63
46
15
3
68
60
31
15
75
104
13
58
182
17
15
78
144
34
80
246
16
176
26
102
78
18
67
168
54
553
146
22
45
48
159
246
25
144
214
11
27
35
61
59
28
90
263
23
23
150
59
134
38
37
95
65
62
56
22
160
248
289
40
70
89
25
95
27
68
45
33
42
190
83
188
98
48
110
48
96
183
645
34
145
23
80
53
177
15
63
31
192
90
96
49
90
189
43
24
147
40
35
22
348
38
58
31
79
31
32
31
50
98
177
126
122
56
182
40
66
214
314
110
199
105
65
183
55
83
48
301
158
209
39
95
79
54
56
85
227
107
241
159
85
328
148
381
93
106
119
230
161
325
381
373
266
561
493
141
345
112
150
235
128
710
91
189
141
499
26
61
132
219
150
118
446
202
157
260
192
16
260
260
1005
2718
142
145
653
1032
179
130
301
109
130
822
2477
119
170
138
289
108
234
230
158
122
737
692
169
146
379
166
859
57
270
187
376
122
255
169
312
105
187
224
76
124
24
113
61
175
406
102
330
149
57
138
206
117
29
37
46
93
105
45
70
49
90
117
124
52
104
88
60
63
52
42
91
24
22
45
89
61
20
112
25
94
93
32
29
72
114
20
36
19
110
42
191
55
26
146
134
37
65
89
95
68
110
96
645
192
96
49
90
119
161
187
376
122
255
169
105
312
187
224
113
61
406
102
330
149
57
138
206
117
93
105
70
49
90
117
124
52
*doc12:Nhật Ký Yêu Thương
510
245
66
66
358
60
72
109
96
385
122
336
65
118
11507
38
1230
94
17927
89
112
1441
1278
1298
4120
22135
464
69
225
7548
7559
58
92
99
330
619
4607
238
2031
1637
586
777
414
14901
403
2548
170
361
887
702
3801
7883
630
55
162
97
83
974
425
83
770
1119
78
157
3582
206
75
5937
254
159
342
63
7984
1157
876
243
355
304
2889
1215
678
9487
302
8864
136
1124
83
3381
273
149
1615
13063
73
1345
9656
649
3906
3445
1068
1569
10814
463
224
15990
421
120
2196
51
333
79
241
134
884
1306
2205
1462
1848
110
5831
96
12717
62
5902
385
485
84
155
330
1798
62
1551
324
182
178
99
296
878
674
11252
103
2164
104
1513
1219
182
16410
1782
3217
196
162
137
14441
15670
169
339
3842
899
390
2342
188
202
6220
800
2463
189
477
133
1233
2246
9013
3638
77
1468
957
665
5017
1026
358
155
152
2130
561
14152
784
203
6660
50
1374
1745
87
806
131
61
2090
786
3018
6791
12299
4342
2906
1139
337
90
263
2894
462
123
111
5039
1655
115
249
33
4290
566
437
15990
1026
2849
*doc13:Kenhthethao.vn,Troll thể thao
646
847
82
8268
76
109
142
351
111
295
78
103
126
84
105
96
953
968
125
54
95
34
74
66
33
97
52
8543
34
646
1237
105
78
107
43
41
3118
29
5970
57
86
71
9017
46
2489
11969
1366
25125
100
306
54
257
144
107
156
103
57
200
217
289
263
362
511
1846
10001
160
12200
3753
197
40
54
5050
29
58
4888
30
848
16241
87
237
57
193
83
9835
61
82
18172
87
7713
36
42
7574
1063
5145
62
157
71
438
63
126
90
74
35
266
166
222
228
3271
2344
11873
11353
3756
2406
1729
2697
174
34666
382
4353
47
11038
60
5386
9225
128
765
50
2274
56
4994
82
11537
80
2127
1528
1015
126
113
133
6892
67
1810
74
19661
53
55
7427
41
2670
372
931
17073
84
84
325
74
94
58
148
38
190
267
52
127
226
158
118
106
618
35
92
2647
123
105
68
80
67
78
10297
97
6154
1528
50
43
80
51
20361
125
2525
317
92
135
3561
1813
1092
76
112
120
70
152
42
84
15095
90
137
47
211
103
657
100
95
7876
60
117
3146
38
131
78
64
90
60
4502
26
18849
56
23813
228
100
71
25581
101
2099
45
2123
164
18777
7413
907
22594
84
118
960
57
98
89
9652
183
108
39
119
117
474
168
104
1967
224
10636
84
75
96
37
24085
31
862
726
39
34
48
48
550
46
2647
49
54
132
30
27
5334
37
2666
145
4968
206
124
6589
112
999
1808
3471
72
178
128
72
254
172
64
36173
182
152
390
440
87
70
101
72
277
749
206
83
89
109
103
4612
31
133
22
9899
261
4171
80
260
115
40
169
307
2951
30
38
270
25
10549
24401
57
3250
88
298
112
131
72
59
117
122
426
31
16525
35
128
182
5542
61
27
29
41
2322
27
199
67
7501
135
5992
55
133
9949
231
8496
1006
46
1985
110
84
1908
419
121
38
4626
12182
2130
1999
8163
1821
8967
1914
1065
15920
5178
1039
28128
925
4328
3286
31085
3251
946
77473
10514
43469
2918
6154
53
12534
5233
334
3951
1025
881
14
1552
8877
1924
1089
59790
43612
28
471
1753
504
63
2339
6850
145
978
637
64
131
49
118
8333
74
871
106
262
10217
3646
38
33
45
44056
1244
7358
9622
43
4645
86
34
88
3388
4247
64
306
101
110
84
15920
28
4502
*doc14:Feedy Việt Nam,Xoài & Chu
15
37
14
286
2437
50
47
31
*doc15:Bí Kíp Yêu
1034
37
83
110
140
186
81
587
94
414
811
131
48
12850
3503
1038
81
100
472
621
377
48
597
103
454
52
211
1147
337
119
426
651
1049
1687
97
5228
42
120
2858
2301
327
1215
3323
2926
13970
939
106
2134
52
669
232
1261
1392
106
95
1618
129
1807
1393
63
49
66
254
594
4622
830
992
515
343
195
2549
364
1850
71
780
13039
247
342
144
336
345
96
1709
154
632
183
2345
8670
3611
61964
658
875
19187
1168
3843
3469
11737
457
1223
356
4117
117
793
483
245
2782
5126
2094
216
359
6112
1108
943
903
150
1502
1657
343
1472
228
578
217
1864
3990
25004
395
3984
372
2082
126
285
1395
181
278
1283
49
1437
667
449
14
19757
6745
31
192
7516
180
8921
1919
934
789
1033
3849
103
243
2567
31
562
2507
754
134
276
3055
1057
607
561
110
114617
130
597
145
2000
715
1494
3629
14186
1847
199
192
100
486
1564
1686
404
1891
689
586
132
1848
104
221
2352
883
3244
2387
3624
934
123
1174
8682
549
1998
1891
2106
1418
61
2965
350
322
631
209
3042
170
1975
4884
1144
4628
5358
851
1217
2201
1432
1717
210
2088
710
52633
3684
2713
2639
227
1077
142
20988
132
1530
98
3213
21050
1137
518
638
118
3002
258
268
543
146
13705
1703
22603
204
146
3489
288
2226
47
146
265
164
422
52
167
4035
323
21911
227
1406
1099
489
308
160
8219
1437
2469
735
3399
120
156
359
1796
3891
1813
2048
144
87
110
98
1262
1398
1748
1370
747
4616
232
14624
240
14090
4669
868
12687
858
515
920
317
1337
147
17392
474
1721
133
162
14376
1927
808
281
637
4792
9908
1362
665
426
302
121
1524
216
1799
315
1088
160
1418
854
708
527
1816
595
443
668
2963
1938
367
159
301
132
2496
309901
15695
6101
581
1156
1100
528
3164
192
31
*doc16:Blog Tâm Sự Video
42
102
133
16
23
32
54
37
45
*doc17:Những Câu Nói Hay Nhức Nhói,Tánh Kì
171
5659
2493
933
10571
608
2280
5017
630
5119
1050
3306
1009
1814
2049
490
21777
1825
2754
14133
4791
5134
13901
19304
2690
2210
4698
12352
5671
5111
1600
3608
30665
35542
37069
1359
29753
4246
3583
2885
4251
2109
1731
3744
989
841
15027
296
2165
8703
738
12766
4214
498
1384
2458
5243
813
12706
4289
768
7643
3686
5410
4897
4684
940
3815
1058
4094
15391
5745
812
6305
4614
15273
1402
2803
10021
6671
1535
591
4597
4530
14158
4824
2608
2004
2899
9910
1249
14936
3078
5171
16023
18732
4656
1751
20090
2998
1020
2825
3963
6604
926
7309
13812
60767
5649
4065
1834
4050
4478
4533
6135
3325
4760
424
5940
14087
1241
*doc18:Troll Bóng Đá
22967
862
32810
7471
373
29656
25074
2349
3673
3817
1208
2969
2334
10914
31418
6894
3522
4012
28311
11831
18020
46942
1970
2685
1946
17512
3355
25971
14758
52657
1646
10636
5835
26689
5255
14272
5296
5812
6575
7121
9496
19725
11999
784
1665
14816
3711
13738
33202
12552
28847
10495
47718
27632
13787
10488
8675
15933
12504
25278
3624
1251
30628
16474
12750
8441
7505
5107
4885
3636
8576
10885
23719
4766
8688
3791
10419
5109
3587
2967
11479
5667
2534
8855
10554
4285
9716
23104
31518
6924
11831
30155
22001
12846
25500
30116
1825
1845
25293
1120
11393
2480
18888
1769
33527
39125
1632
15657
35669
903
3066
17852
31742
2237
416
29579
2052
2053
34114
1296
4199
1438
16495
6923
1813
13216
35806
2970
2943
16684
32450
5329
4138
2981
11227
3047
23623
28068
4821
14534
14038
6610
2780
7811
1980
1586
4396
39094
7581
4516
32643
24589
8003
3928
21851
4452
3696
3531
3037
2704
3046
10511
17085
8505
2593
28748
20313
7597
2226
4362
2802
2530
1741
17185
1704
12008
1674
2947
14480
3222
42038
2104
2725
39939
28431
12726
33536
10411
2701
2639
13690
1241
37530
2753
15492
1878
1778
2371
7753
1765
1415
12423
1699
29556
11564
28095
556
2601
27987
2819
2267
28029
2195
3109
5057
785
1673
22645
2886
32596
2585
6025
1616
33675
1958
829
2565
2474
13510
44647
349
11471
1332
2166
2514
4113
45679
12354
36247
1181
2593
3622
21798
37309
1650
1720
2840
8079
2280
52824
2250
12438
8669
7487
1644
11378
1469
22546
27828
2062
6540
2147
5393
3448
1926
4728
2704
1968
4534
2514
2385
22095
20206
4049
4107
57986
31382
22288
7286
4731
16401
6921
28457
3785
2181
7584
30222
23590
7132
67080
3888
2280
9142
5032
2777
2655
12879
2312
18863
1705
16744
1451
15191
1345
1084
20933
978
27332
12594
1783
2425
1718
2959
2676
2512
42006
2455
4516
2530
1415
785
2655
*doc19:Bestie,YAN Beauty
136
24
28
218
398
908
22
97
43
1625
321
75
170
460
1360
992
111
111
58
124
101
19
63
74
137
55
56
32
394
100
6
377
948
44
46
33
49
562
27
10147
75
297
1552
54
166
19
1024
29
769
3877
2642
321
154
1524
1035
52
66
55
399
297
987
975
144
730
140
204
23
405
103
57
26
95
1420
419
289
54
222
38
76
35
1400
3776
244
1252
81
53
127
5135
33
28
125
223
937
541
24
37
91
390
36
543
756
652
1346
82
50
95
80
153
108
284
356
41
96
56
2102
149
962
190
14
81
65
208
277
400
50
50
303
160
1274
35
539
1039
44
77
531
279
690
793
105
170
42
18
23
120
218
232
64
414
65
144
1266
793
67
10
2907
7
45
66
58
15
60
17
271
490
44
39
408
2815
13855
61
27
1514
984
182
42
97
3142
21
50
30
52
759
27
53
110
46
1993
1316
71
71
80
183
43
78
40
24
7296
178
32
28
234
24
195
48
111
94
148
50
806
103
519
78
147
47
577
61
26
1158
379
797
1035
329
732
113
295
51
24
41
620
65
4400
74
77
943
10
1459
8
745
52
63
143
1373
10375
73
1088
70
36
3629
197
131
36
94
304
79
608
66
97
276
567
55
166
64
597
863
903
482
30
683
430
62
5313
64
144
698
1516
1183
6071
3918
220
34
19
1303
412
1377
468
63
20189
22
60
48
54
274
870
35
86
9
5
326
88
141
97
38
35
214
328
982
3114
90
77
470
746
116
19
209
1049
76
1803
91
549
319
529
30
2790
525
3951
171
46
58
25
96
328
62
73
248
45
14
82
152
1442
71
534
14
9
634
706
287
116
41
189
1385
4490
54
1396
91
2339
493
48
64
865
44
3121
59
112
153
2008
139
44
36
3173
2865
375
17
20
45
294
48
48
34
29
86
19
304
1180
15
60
8
745
30
*doc20:Địa điểm ăn uống
1403
931
7030
5446
357
690
557
250
351
2950
693
486
217
1275
418
14219
648
14600
566
5129
972
556
1007
183
895
1901
745
190
2898
274
6318
3129
1745
213
5719
366
2397
1697
2240
902
1095
464
13478
1895
515
5273
907
383
8127
281
1722
833
1241
705
681
2370
1135
6232
1057
1594
736
4119
1449
1244
1410
750
2161
3851
9136
16758
2811
2460
1417
1679
682
2152
1039
3250
936
1575
1313
4385
18596
737
1021
786
2226
2798
2020
1180
783
488
2028
3742
2111
1849
374
755
593
1498
1061
2553
11049
260
687
793
991
440
3610
904
495
974
1166
1595
4669
697
411
707
5604
1289
3026
1391
7257
1565
3928
1602
458
242
2290
1672
3403
1558
2181
497
3461
435
245
333
873
19996
862
9957
731
365
447
4348
713
475
1440
6161
4623
265
13380
3647
1106
1141
493
291
1037
2048
1057
447
587
3044
438
617
1243
3989
1802
134
2729
825
280
7322
3496
1071
617
554
1628
1169
1016
1885
457
13715
3208
4045
468
608
8527
883
1310
649
2846
970
316
1274
862
1605
1899
930
481
793
530
1006
42851
473
1976
8208
592
809
3779
3361
417
1440
3331
2001
3931
1321
646
643
5662
316
1615
600
1738
719
840
2059
183
1308
735
4741
607
958
2045
2400
1443
800
423
885
707
824
930
863
1967
1178
534
732
1407
15569
508
473
788
959
521
1222
193
2733
524
6403
2285
795
2822
1133
4493
2183
397
1572
312
2045
24189
4782
4943
128
403
4362
894
815
259
1358
789
5203
696
1071
2555
897
424
1990
404
1898
3372
1866
1524
514
6586
3599
1687
10472
2571
957
1325
1291
1148
792
458
479
1731
1165
461
1247
1311
4297
570
3586
1165
5022
30554
466
2195
2184
9732
1273
1224
5917
10585
4143
1273
1017
902
2465
2752
1284
175
1367
1876
7527
1510
506
19964
1643
3329
212
18158
854
624
1551
657
202
3056
988
958
1979
1757
26547
5779
546
214
9499
777
1182
1541
7322
4196
815
814
16346
1320
1664
586
1331
572
1251
2173
1575
780
817
7258
1953
648
2360
8593
1022
2076
1706
2108
1268
7069
2797
420
733
1231
2563
5799
241
15938
3379
1887
4048
827
1147
450
6331
466
1326
2738
667
443
1300
1020
194
6091
1141
1597
3110
497
2411
2722
1054
2640
2191
545
1606
902
952
729
822
24745
1590
3588
676
545
1329
1994
1257
899
1465
1827
727
865
9852
1856
5308
1678
747
720
13235
363
6441
153
1661
563
577
1338
2811
719
*doc21:com)
45
72
114
179
91
149
95
166
164
964
98
307
3447
291
259
405
91
114
510
1078
728
40
82
60
45
207
126
130
105
67
1588
170
225
131
209
4141
497
74
748
96
124
210
143
146
121
989
135
320
79
126
152
115
193
92
298
124
169
354
953
1862
201
153
52
9554
245
1702
102
4348
177
1079
80
794
213
178
141
1383
140
202
4066
3251
159
209
247
132
100
2072
769
69
125
686
266
97
49
102
5356
358
91
103
137
375
71
98
123
792
123
209
1091
769
1257
96
888
209
164
103
135
360
848
411
443
178
179
184
122
106
58
101
285
119
124
196
79
109
1273
139
247
185
130
168
106
110
3027
169
85
1265
134
208
266
167
298
106
85
214
160
746
189
1131
1123
87
118
115
146
134
215
125
135
143
231
1025
70
147
124
124
212
188
100
1406
379
189
169
140
852
242
106
129
335
390
180
477
1067
76
215
118
162
1395
35186
143
141
73
2286
1244
104
98
1956
87
115
564
129
190
63
223
397
453
193
389
450
114
89
13507
113
121
12414
232
161
136
127
640
924
168
138
2242
351
1654
1615
197
108
276
125
98
107
84
174
304
374
183
58
105
129
88
393
724
229
823
161
142
153
158
882
317
375
305
351
1052
588
71
136
244
142
134
2636
153
106
590
206
173
533
315
74
64
100
93
114
123
155
871
161
543
93
513
104
152
125
201
185
149
759
61
433
404
3484
71
131
1230
190
209
133
377
35447
211
1148
539
122
33
119
1554
247
144
143
637
155
476
110
1078
*doc22:Quà Tặng Cuộc Sống
67
46
764
108
28
*doc23:Em
6061
5521
550
1872
962
9617
7150
4393
635
11863
983
12269
8881
41746
578
970
3617
11676
5604
1213
2563
3059
1230
1402
1956
1213
12768
1669
5170
12669
6175
1683
6942
9214
9690
22767
2698
1790
962
1530
10279
1036
1284
7922
653
15467
6660
11335
5856
796
505
15765
768
768
3574
853
10383
580
1021
374
542
937
3923
936
7574
5993
677
5809
2231
219
3494
13834
10159
947
3358
2175
176
1023
13873
5218
2986
8153
535
587
454
3404
2090
3173
18223
2498
4878
646
3543
2118
5509
1383
5615
6925
845
3349
467
41095
1064
1859
28710
8156
1770
2374
2626
5829
15508
11582
2233
1918
1311
12519
2624
22206
14444
4355
8729
2041
3308
3923
3148
21372
1406
4395
862
4163
5271
500
884
2239
1063
1937
2803
915
16847
6232
2332
15896
288
1105
10346
3539
1925
1574
1525
3207
741
10994
3159
4758
4759
9892
1957
426
5016
89
15738
1260
*doc25:Yêu Gia Đình
460
261
1185
133
51
148
96
321
172
39
249
2383
51
186
4067
221
297
115
81
309
61
1549
593
271
176
35
107
86
121
112
727
562
112
35
1571
1081
43
671
86
1109
331
232
2331
86
3848
805
91
129
120
61
121
388
371
2738
626
72
1110
34
42
268
638
168
158
136
73
32
59
30
26
93
60
45
32
46
841
387
278
187
106
2531
2280
2458
536
48
1785
325
464
96
59
58
74
191
6165
470
42
764
575
117
189
73
764
325
24
397
83
81
238
335
821
4926
193
22
11680
127
24
48
107
15
30
142
4483
368
164
19
1087
19
674
29
220
15
73
17
55
481
226
104
46
64
203
73
43
3896
374
108
316
211
135
59
32
19
13
201
33
119
66
174
47
69
62
280
31
24
62
210
103
655
227
223
39
204
28
66
34
41
*doc26:Nam +
4192
4943
7245
16981
5494
4652
10045
30071
7311
6259
830
16258
2298
21510
11309
17460
4985
3627
6012
3396
11256
1582
14441
6088
2509
613
5274
7291
5324
2123
16099
3113
14084
835
4987
3050
6599
8242
10687
5991
29582
2899
5135
1932
994
19584
2747
3594
7906
12419
20733
3948
16513
11386
1556
2894
10850
4065
7624
21036
1637
6540
10261
3357
22852
18245
2195
3585
13848
1569
4249
15121
5390
7584
8055
4756
16828
1536
21074
2222
8823
3831
7843
26349
3423
34335
3837
17550
3587
10837
6516
45266
2101
4231
13151
23340
105127
24649
6165
3302
11158
17690
5719
19896
5365
3910
2635
28230
6927
14482
32363
3842
30737
966
7734
12156
22104
15805
14341
34455
1743
88657
4397
12794
40756
6784
13136
13479
13120
555
23186
13868
15569
4294
9586
9658
18736
5509
14659
5278
16548
6062
18095
6824
10797
24630
13540
8608
3863
13790
30018
6534
5335
15937
4718
11014
1812
30706
822
25508
*doc27:Thấm
16120
3849
2331
6347
5951
4731
6641
5788
10413
783
785
6399
4170
13883
15016
6477
3806
2344
5017
10448
8387
10868
26867
937
6951
467
16441
2004
10302
6925
477
6316
2153
2398
12294
4727
4233
4836
60428
4339
6303
17344
1166
6630
22663
1292
8311
17408
353
17656
4172
4959
5063
55301
6680
4756
6379
11438
3906
5645
1498
1386
5229
3277
8742
5021
3730
27619
4671
7004
7750
10279
1448
2743
5498
3989
50538
5707
1201
26922
7565
2269
12788
6799
20797
2118
2614
4668
1950
6339
3654
15891
18389
6365
5273
6492
2508
12009
4729
48015
1413
2528
2500
308
2935
6248
16416
5909
14705
4127
3617
1207
13595
4701
7712
9280
4120
4874
2094
29215
6643
2731
6195
31785
24939
6391
18172
17787
454
3936
1872
906
545
874
8245
1336
13428
10882
14461
4990
4087
4831
5017
1292
6365
5909
*doc28:Cú Đêm
5351
7923
685
1586
23184
2390
184
14320
1004
4421
1989
11142
600
2603
2323
26321
5173
27049
12364
1235
2726
1271
181
207
2517
4240
4938
8613
4836
3287
26834
13436
18314
24410
20630
3946
2902
4414
2868
27819
6663
143
50
4968
383
2007
455
339
150
9589
79
18935
45
152
417
1002
195
3083
59527
6793
603
11420
1935
8956
12507
210
3218
2243
446
220
9641
2179
5156
6227
208
7263
396
2399
2296
2665
5589
7374
3254
5567
22751
7252
5853
2890
5300
10525
189
295
359
3955
4590
2126
4118
2116
3273
4539
3012
20469
12394
174
2531
20248
3241
34397
15868
3952
24894
5047
672
1286
1295
10749
4863
1477
19223
3611
1493
4290
92684
1329
5368
1175
1514
2950
5081
16716
8541
2760
463
2800
4627
1217
179
2683
9644
2841
369
4968
383
45
*doc29:Eva.vn
224
15
62
435
52
131
82
152
56
361
4591
3149
9075
1627
11177
3224
102
72
1193
136
542
160
621
133
106
2348
68
3378
995
12249
437524
127
71
391
322
340
8587
61
28
1147
858
665
2288
13861
286
9510
66
124
4483
69
247
20329
729
157
4267
2003
441
568
15216
444
10309
893
36
156
280
4580
78
3274
22350
681
4274
4599
1660
159
746
2299
44
3662
6293
39
931
8745
1122
73
5048
1564
406
146
2111
1092
898
2808
592
348
7490
1009
362
68
18752
1900
3760
29
588
1140
807
111
1503
282
709
2558
2050
1323
2450
34390
2798
7389
15069
1508
12865
9955
517
76
119
549
27573
50
155
743
10760
205
454
1424
1617
2314
7226
788
10135
36786
1760
6375
218
674
1541
13294
820
344
25914
383
944
96
542
2584
108
424
5178
404
839
2503
2479
150
2853
2541
1806
99
564
6339
300
310
16713
297
3751
1209
1246
969
2452
145
244
69
11964
1085
712
4567
197
1775
85
11138
336
6478
690
15279
12680
284
268
74
75
19551
8530
79
40
2029
1015
1361
181
1228
1418
467
945
2636
53
610
807
5927
214
27177
4857
924
5151
1209
2383
81
2247
1303
653
2574
412
102
1935
4188
625
1216
1800
2172
608
22345
1779
48
655
1548
657
480
260
42156
331
3935
19276
6048
646
15081
361
21462
954
681
2411
36903
572
605
286
49260
156
3600
*doc30:Hội Độc Thân
5792
4273
5486
14236
1415
3810
2938
5516
3394
3774
13210
1888
4469
2144
5282
5370
3945
3666
15295
5600
577
6592
188
8297
4111
*doc31:GUU
228
415
1210
65
264
45
541
1715
236
70
397
31
200
74
838
95
238
322
240
141
540
765
81
326
329
152
343
171
362
96
706
1583
321
992
554
534
314
691
292
115
230
2410
572
181
288
1668
1189
221
1047
493
160
4741
1480
78
88
401
174
736
858
3017
627
158
1813
517
406
558
697
585
537
134
753
414
402
628
101
93
150
916
1398
105
992
757
85
698
201
91
55
665
183
496
729
608
6830
1153
728
754
401
249
1859
257
480
257
430
96
84
1997
3788
82
838
93
823
798
98
243
426
224
308
93
602
59
454
536
56
1258
259
127
156
137
2173
148
451
345
277
282
2592
406
105
632
85
2340
629
1178
168
1244
126
243
437
241
175
508
325
97
859
381
138
148
1619
329
147
109
1421
453
380
278
118
278
2873
199
712
333
219
463
90
1341
1793
138
295
114
202
695
115
232
1093
633
110
1100
264
52
130
1309
124
779
294
113
196
95
99
85
105
223
26
54
2677
56
658
113
66
159
620
220
118
919
567
1000
114
216
91
249
131
214
159
16
340
132
1757
822
132
1710
356
368
1643
1599
182
769
34
559
74
701
212
392
119
825
264
779
3350
269
138
292
76
211
744
215
1195
290
105
845
716
1171
224
248
255
195
28
53
514
618
938
1234
373
41
147
1307
93
120
23
810
83
85
307
236
1228
473
19
313
458
1694
239
935
45
277
75
449
349
177
98
1629
106
*doc32:YAN Pets
1726
543
552
11659
1817
1753
19827
6839
10002
1710
10742
4193
7614
18713
9127
172
2274
13851
3635
18109
7369
11019
6993
45
7109
11200
9175
2220
18383
5011
8682
7041
13110
10726
1474
1617
17181
1562
7816
3697
886
23955
10501
2320
2939
4025
4126
12829
11333
12593
3665
17379
6136
1021
415
7610
3873
7634
14802
2822
17737
3689
5224
7784
9736
21607
28166
4906
10033
4569
2505
9455
14593
4057
9888
4381
7464
33441
3579
4876
8565
12062
11101
7341
3457
13558
1444
4732
5875
4309
7298
8206
15422
2333
7493
3589
278
*doc33:Tin tức ngày mới
92
115
588
1916
2980
3089
33
403
154
58
96
335
65
334
75
370
147
335
91
169
284
456
611
216
276
1881
4532
564
4219
92
3619
160
5561
1295
84
12010
62
412
263
623
1245
1634
4135
2446
1893
340
507
214
2353
697
1106
3231
2064
3720
696
899
345
2268
834
1112
165
953
403
7016
1328
655
7367
1553
398
7136
1198
4014
3623
479
1479
123
5705
2497
369
10428
2965
1718
585
5228
4344
2173
1519
1186
6204
*doc34:NEU Confessions
4528
10421
4764
699
6167
2374
4891
37820
7666
21369
6605
16762
11402
35430
2152
12058
11162
17700
11814
16969
13535
12576
18449
4877
5993
5572
55355
15011
16064
10441
76645
8804
6742
6612
3513
7851
7099
63521
4688
41971
6053
5670
3878
21519
10234
28295
2087
9720
48580
4693
5410
4551
12644
20396
11822
8115
9252
11293
30135
9534
15168
8786
4537
10488
14242
9465
14992
42956
16106
17825
9115
5406
14372
43458
11692
22014
11208
14785
11351
3455
10285
2207
17669
114150
7627
4041
6530
3527
15627
23696
4826
6580
4962
13813
37304
38333
5860
20842
14231
49869
6972
2950
4434
51886
22756
21884
1860
13588
37501
10388
8809
16927
15829
3492
49474
25602
38878
9385
52013
11415
1798
4763
1696
4859
4034
14624
50007
3415
10693
7278
12238
38574
2935
13342
57545
13777
4032
4125
11599
9397
1040
3825
11104
12621
4246
10785
6394
14793
62116
8135
58803
10558
999
14729
15242
5506
20971
62670
16377
15929
9100
26692
4983
13869
4749
2790
11207
6289
12688
3985
18591
3594
11398
9496
56389
6702
36074
28529
16236
1461
14117
1054
7875
1677
10890
25924
6618
19957
10161
7072
4983
32445
7591
14825
47433
1042
15182
5501
4678
9400
2236
450
37724
9764
1153
20705
11452
10226
11674
7977
13697
9780
12142
24729
10807
2086
11127
7450
17944
983
7820
1723
11865
5552
8192
58741
6010
12886
4214
7513
11182
1626
30491
7676
14169
4447
29064
7584
8669
2071
10246
3072
10086
24674
8905
15529
5711
44213
26374
6995
3080
19803
3016
8814
26662
8679
13979
8609
15932
14260
6114
4831
8388
6430
21820
9585
27662
13525
8412
10486
1091
16589
3032
28132
15674
1500
3872
17402
9167
22152
39988
3659
22177
7643
2741
4881
11464
18159
10621
21922
12822
2747
6025
1988
5881
3399
4931
2679
15720
38545
10463
5987
4545
5963
9073
19184
46915
12510
21649
13571
15018
5940
1160
25928
5421
8965
56419
7489
5382
5967
13004
11725
14261
8336
4013
8782
12478
11594
5685
9279
6219
42695
6455
8717
59674
5401
17043
11639
35441
2897
12742
5851
11540
6669
2742
10222
3772
5077
16687
10855
28840
9568
2160
8514
14303
68334
11764
4541
9380
33779
20130
9527
69406
27503
12545
9952
9790
15137
22014
21884
999
103944
*doc35:Nhật ký
9
25
78
81
20
61
224
132
46
373
16
70
366
329
23
26
108
113
50
126
38
7209
27
546
454
139
19
122
71
56
97
77
61
121
407
136
63
394
72
215
287
58
123
103
16
59
430
197
223
40
36
98
313
3598
295
56
381
29
21
58
1873
331
1245
*doc36:Tiin.vn
53
209
19
370
148
87
40
107
35
299
119
743
22
117
20
12
164
770
31
584
26
144
114
304
37
98
195
29
89
23
95
239
75
92
30
467
133
72
113
1106
59
8
735
81
185
470
124
68
27
82
209
73
437
1170
43
2493
1450
525
25
146
115
210
36
3642
130
62
34
2666
50
861
45
3141
176
147
1111
259
93
1663
183
737
230
81
59
155
18
81
37
23665
49
89
68
40
96
24
1344
14
979
157
22
690
359
20
11
346
59
1066
309
1168
28
133
34
181
769
322
3111
1799
758
181
1352
189
227
130
39
157
92
28
12
14
53
206
55
30
25
3818
34
483
76
262
976
436
79
1767
136
53
72
100
71
338
107
190
342
87
114
299
177
1184
78
67
709
186
48
1523
341
170
39
511
779
807
455
560
1269
69
217
2020
1744
658
217
49
64
445
1012
89
348
279
79
608
16152
38
312
310
4118
76
23
892
21
534
680
148
134
47
29
181
66
1597
145
101
546
382
2127
20
27
62
56
705
90
145
54
306
37
1303
34
109
196
102
244
39
235
38
44
5400
48
104
86
1541
158
104
9596
1807
45
442
16
64
26
23
22
46
18
445
892
37
364
5008
1802
640
1585
699
608
4371
378
*doc37:TOP Comments
16791
27774
2655
23503
3353
25144
38581
11753
2480
7722
5901
24484
41388
24571
9752
11818
40669
3294
10247
6792
35726
15283
6906
70968
31774
51605
69090
151942
78938
4702
7544
33694
54989
5556
88029
7743
3960
4677
5409
100159
18482
4792
51216
27755
5155
8495
40211
5582
60416
5355
23377
17143
18643
5629
15001
111771
122871
6054
8014
3208
23642
4033
93378
33405
20994
27612
32647
5852
4996
16016
36686
34220
31314
27435
28032
8976
9188
10650
5286
11347
40086
7227
3961
11542
13556
3493
3231
84746
52555
56561
13989
10755
56161
93885
93885
26223
47821
34581
41708
4005
47766
5600
*doc38:Sống Tích Cực Mỗi Ngày
1124
1036
4761
3091
587
681
515
5483
3881
2473
5587
9212
17239
1035
141
8067
3373
588
739
7548
5522
867
1072
848
10288
1290
6545
390
7131
3599
11999
1072
2667
2653
2047
4253
5792
150
997
2626
1411
1123
3259
3240
5148
874
557
5036
878
2225
175
526
613
1087
929
1199
5769
4236
5174
506
479
939
746
5163
2855
4784
10698
1114
566
390
364
1919
8016
2307
3809
1738
2109
797
787
3382
1514
2345
3136
1232
723
972
2695
3554
*doc39:GUU 4 Lady
41
85
161
7
36
5
108
426
24
11
49
3
20
16
55
21
53
50
30
23
41
143
9
43
38
35
104
14
60
7
66
101
23
115
39
64
46
146
92
12
26
355
45
46
203
168
110
11
74
14
73
90
367
76
41
352
99
116
79
116
61
44
9
29
30
103
93
19
24
116
30
283
34
137
87
6
100
77
21
9
82
66
71
46
28
1008
233
54
127
23
33
251
107
109
47
39
26
724
364
782
27
47
9
46
102
13
45
34
75
62
16
26
18
63
32
16
48
60
19
32
101
318
16
21
36
42
14
420
42
15
114
18
901
150
109
47
121
10
40
23
38
17
24
29
970
6
109
78
25
33
92
49
20
17
358
67
146
24
17
52
131
62
119
83
43
220
21
267
10
19
11
87
59
10
37
139
83
18
263
46
10
17
217
53
39
53
17
34
20
15
8
11
23
4
5
789
7
24
20
15
19
36
11
35
76
43
176
30
16
12
84
18
58
41
3
78
22
46
79
33
202
39
14
217
147
49
82
6
244
17
106
40
193
55
219
112
608
474
179
17
66
14
42
725
32
259
60
26
170
178
72
60
137
60
84
10
11
650
250
138
118
153
137
106
14
28
15
7
5
333
25
16
45
19
264
146
4
630
67
312
43
88
10
908
15
486
77
477
17
333
28
94
497
45
1200
87
26
338
246
19
41
64
127
24
*doc40:Chửi Thuê
9169
462
355
18664
4140
52581
557
7523
7652
11970
26148
50278
11748
29520
18398
16367
2694
55712
21124
33805
3550
34155
11083
27748
25053
25337
38258
34819
6606
51395
9100
1331
22536
32993
813
43879
546
28403
31219
3839
1782
5279
61471
54315
5050
3719
76224
49022
24538
81823
34414
2103
46440
28908
46507
36648
46452
3355
9249
*doc41:IFact
1208
4076
137
176
110
3293
1239
301
1195
121
1018
5010
601
361
2111
222
1318
2324
4759
3822
3308
180
584
72
1322
7123
584
7568
531
677
10616
20017
10435
239
562
4737
4765
1890
198
245
153
5527
488
2145
537
1061
501
391
1713
10067
223
8543
4329
1757
5792
4539
3310
2124
1236
6478
1363
4480
267
1890
1009
5659
15461
4353
4382
25468
2132
130
3397
34713
72
1956
31987
829
3561
243
2220
3459
22582
10454
2343
9461
1658
6522
4847
349
207
188
87
1033
10213
9238
763
115
3933
8858
1202
115
14306
19674
3087
3344
305
165
75
3729
85
10677
11917
3244
2352
693
6203
370
517
255
253
2183
13312
2498
1876
2797
231
957
147
1238
1148
762
549
559
8874
7842
5481
380
3010
17189
4525
2062
2887
8631
7945
1833
305
676
1248
3160
14461
2724
170
1033
908
22226
17842
9768
9657
5822
39430
191
3486
710
10093
7470
349
259
388
19949
33995
293
5915
8501
4587
3678
11637
1885
22863
30010
7557
93
1774
5290
391
2410
1900
2523
3506
3913
345
350
10581
3950
4205
27652
173
15596
353
412
129
1102
527
5296
647
2191
1054
23776
3514
13258
293
2899
2991
752
4107
324
2836
18098
482
167
3278
135
264
453
381
1384
810
178
15030
8917
1224
3696
16261
236
1871
120
409
2712
6419
1236
1850
587
1051
1422
3090
815
1054
2432
25017
2294
6225
247
671
161
2077
3151
985
4520
865
7964
10528
2938
8577
488
826
3028
16146
13406
613
11560
783
662
1211
161
5391
339
24189
2214
1047
213
11213
775
920
408
2147
1530
799
1310
37
483
10991
334
172
392
151
8580
591
6705
1829
754
122
347
4844
4128
5356
8540
4288
451
4861
3206
282
199
6308
9390
3351
1753
526
1539
3557
9283
13028
2223
3860
17771
4197
2927
1076
1247
243
1866
146
9996
517
13782
700
197
2010
748
647
13257
533
35083
845
3710
3507
2254
480
17600
304
1325
7151
2798
6893
360
354
9099
13188
5020
6027
1090
16729
2116
5996
293
224
7702
517
19158
1246
13666
2433
306
550
17747
6776
1890
1956
13312
559
1833
259
8501
5296
*doc42:Độc Thân Vui Tính,YAN News
18
24
53
14
107
579
49
85
1144
51
140
321
51
47
79
94
498
1306
114
15
73
86
42
101
55
74
22
50
38
4874
75
24
10119
502
5620
510
8467
2103
1006
237
9
31
1748
954
75
77
33
60
35
62
435
380
38
700
36
289
57
69
36
62
560
906
20
38
276
212
76
1066
2132
135
557
86
39
510
83
433
713
238
82
996
183
55
778
1162
30
6874
189
53
1214
84
497
7272
484
229
939
90
395
116
417
971
85
385
23854
612
154
165
46
491
169
4486
11295
648
585
115
66
249
9318
12
779
443
4
2247
17
171
1953
352
107
29
83
20
39
200
51
42
73
32
554
232
915
290
16
486
198
*doc43:Vẽ bậy,Thần Đằng
866
4455
6797
5468
18305
4165
1905
5897
15432
619
255
5755
10719
5127
1702
12799
1844
11008
6327
5603
6601
2737
10060
4595
11535
2926
1036
3816
310
6240
9145
6115
3806
9715
10282
6124
1471
7627
8102
6370
2532
3703
8465
9601
7772
3024
2822
6227
5759
3160
8892
6462
6348
7438
11275
18241
3396
20176
2958
9539
1948
2477
11205
7067
2156
12905
6586
13248
3371
10741
3771
8227
9762
23103
963
3049
4788
7024
11284
8910
10564
*doc44:Thế giới phụ nữ
1791
39
2750
2619
2811
21424
131
384
170
1992
233
*doc45:Yeah1 News
6
49
52
36
24
93
60
2
36
*doc46:Zitu
55
967
1074
947
931
948
1042
974
940
1996
3318
2181
983
1134
1001
4227
5949
401
465
8270
983
309
5555
31
6
7
7060
6455
1138
281
2063
7475
1813
5201
8408
4371
8524
820
248
3924
3397
2249
672
1150
859
780
380
2348
4139
468
360
612
3363
3077
343
1196
520
932
168
1455
*doc47:Cộng đồng Myeva
110
174
83
2198
612
41
249
778
31
230
685
136
73
807
586
21
1274
35
12
13
22
729
5
527
2544
450
732
11
333
353
578
1368
29
1625
5992
2220
137
56
340
196
45
30
83
422
32
16
5242
80
74
940
94
5
1935
74
58
2631
795
7486
620
48
1392
359
1318
70
18
2302
1158
28
9
1639
493
1061
16
266
1178
2284
450
2098
168
187
37
192
385
16
7
1238
19
1543
76
51
69
592
67
70
126
242
83
903
221
110
1586
736
157
1494
175
1399
70
2460
40
229
7
1472
5510
16
140
97
82
77
178
11
3057
1937
129
70
57
35
128
1513
358
3980
46
305
1612
58
6
4252
13
45
759
194
3462
127
47
56
3775
67
165
629
107
12054
191
73
191
17
15
433
14
864
118
944
239
120
144
12
84
1827
3265
21
118
19
1360
720
137
14
134
789
9
2318
2241
82
1027
8
280
4271
104
61
346
56
1424
11
38
101
5
192
8
1998
304
634
47
14
1645
176
41
202
118
692
1411
306
1044
527
*doc48:Thỏ Bảy Màu
2164
7004
14506
12753
46775
18678
18146
11185
11888
12017
11392
14912
13759
11068
13488
11311
*doc49:Ghiền Bóng Đá,Ghiền Bóng Đá,Cộng đồng Ghiền Bóng Đá
767
1131
2712
502
6723
766
4499
678
578
836
3361
922
12580
838
8006
1725
1903
1337
14671
5139
719
864
1117
1389
891
1744
740
327
4337
608
301
1184
1123
500
769
814
1330
1690
2494
2176
620
582
649
3502
6579
17751
6126
1726
1677
10402
350
4702
530
1853
26698
1537
3945
1075
709
1138
676
6707
720
707
3604
3396
8437
792
1459
1670
1298
950
969
1800
1135
2486
615
1804
4692
3344
803
792
3713
1541
1262
4885
6087
21790
837
29826
3633
5619
19386
636
5465
16371
3126
4367
26962
643
3374
732
632
5590
530
3513
895
5756
1051
654
2223
8618
309
41994
4318
744
908
832
21022
4334
1421
814
2217
5491
876
772
612
2704
515
457
1018
2493
28012
1829
7828
2093
840
721
1814
785
5031
753
1038
594
2809
713
1069
3066
1347
4644
1555
1900
1159
993
1153
1931
3318
1359
1214
1229
3641
799
544
1263
4076
861
1707
462
4429
5702
5165
2131
10966
1111
2366
506
8497
3922
966
1064
939
1656
2496
1144
1211
3907
453
2129
891
740
4702
5590
2858
12244
6479
5267
1381
1609
2366
552
5884
13423
6030
5886
1984
2776
3422
*doc50:Cao Thủ
6430
6737
7089
4283
6073
6982
1960
732
6693
8096
9946
2062
36020
8445
4908
3826
9074
13394
54208
9942
1905
994
5007
9450
3809
16689
7506
2669
8422
17356
2021
6870
6239
4547
1748
7636
5402
11317
9188
4707
2551
11314
6163
4966
2313
7441
2294
6797
6892
11861
6168
6433
2753
9498
4992
10731
6575
12341
3046
5929
2667
2310
4223
2586
6965
6068
9248
4314
15639
9198
1249
26503
11069
3078
3493
43076
9629
21620
13456
4742
8315
3612
1032
3671
10199
4084
6506
1698
1722
3832
10104
2213
4343
3896
2702
4511
29166
5571
3813
3730
4930
3669
6550
5933
6616
1477
*doc51:Kênh Hài Việt
95
98
39
154
2098
44
44
48
85
87
132
116
637
37
2681
2768
287
835
146
4480
1627
3756
251
1024
2020
7204
141
595
430
1130
153
8321
1963
3870
194
139
567
51
2765
2154
975
1051
13762
758
78
4229
682
5258
30
73
3963
301
3774
1074
1371
1503
693
13318
4942
12237
2210
1019
8735
803
1718
1103
865
4300
38657
1203
3630
55
3284
1806
87
2030
10143
4524
2597
3703
1532
7789
7824
4343
116
25
39
153
2660
63
2721
2747
49
13443
2224
4056
1806
14555
1972
88
51
970
117
12174
2645
1318
5184
1772
286
748
2538
871
847
1180
1580
4372
2996
1330
2584
694
934
7383
7336
8137
2763
741
959
933
11225
573
1130
4036
1839
1508
24970
18252
1406
1572
7823
2021
1103
1406
673
8091
677
890
16798
18948
882
2533
603
1027
4962
6556
5389
6250
6701
2927
1015
2178
1757
2632
4113
3029
1039
603
1052
2250
80222
771
2671
1558
3815
4692
1166
2160
*doc52:Gãy TV
4203
2797
12542
2405
9512
15073
10311
8233
1855
503
3744
1526
2191
569
1696
10191
6461
1011
10832
21790
4111
3111
10390
18072
13232
5433
32579
25780
9955
32632
2116
14030
7437
2818
18536
5175
17563
16409
8603
2202
14292
19994
11085
24432
699
24200
14667
10167
1661
3848
8990
1241
14325
31726
11429
18803
5489
36500
18891
35042
4270
20789
30117
15941
*doc53:Phụ nữ và Gia đình
133
320
766
251
1449
89
290
75
2593
800
86
10
1253
666
101
3929
670
8740
47
4871
38
97
184
580
27
88
235
16184
59
580
2957
899
10751
482
80
777
268
1732
1076
130
48
64
8801
429
25
540
109
1891
1348
239
313
114
703
60
553
84
2950
1089
488
1082
129
142
70
13182
281
259
181
33
768
2271
577
68
391
384
35
426
36
174
275
45
1495
2753
43
1947
116
955
31
188
50
390
268
283
67
3038
129
999
2865
1039
621
29
34
60
59
4018
92
611
43
548
56
48
53
1614
3531
8577
45
611
167
105
511
96
40
6005
264
84
151
906
324
689
482
2368
1513
40
48
334
6285
51
1273
582
352
401
37
80
641
366
57
61
93
1257
106
632
255
144
7718
196
300
137
256
219
103
1094
21
4568
19
6393
451
21
1588
1444
3013
49
251
1165
846
32
214
1720
2546
153
3943
61
1383
80
459
616
162
398
2566
99
252
6045
401
229
69
524
5487
62
7411
37
362
342
330
42
103
2695
325
1142
573
275
65
276
387
151
344
71
313
186
97
21
21
46
100
35
112
59
102
15015
125
85
326
36
2004
112
2021
388
1533
447
457
104
346
273
55
161
11103
86
42
1581
6092
282
775
80
65
2620
27
2520
79
215
75
124
4954
56
652
1065
2012
169
124
312
643
80
44
448
466
68
40
193
77
1107
30
198
338
164
87
360
456
167
106
111
187
640
282
2220
401
48
355
1829
442
49
67
627
29
770
2214
76
201
86
206
668
5032
130
111
66
316
2884
202
114
277
529
255
125
24
64
145
86
121
1962
267
424
413
726
52
83
67
217
43
60
338
470
281
106
64
456
85
924
69
175
32
5142
1634
52
611
139
2674
86
4971
879
1535
55
56
253
138
3093
430
33
773
123
291
631
68
34
98
576
51
94
198
717
57
2135
253
72
277
473
2027
467
259
542
234
230
47
120
105
141
713
222
52
88
31
85
78
144
4654
24
76
15015
86
72
105
*doc54:Những Câu Nói Bất Hủ
2733
2974
467
2523
1393
814
1060
4611
4185
636
2785
2921
549
597
1567
1840
2521
1851
3608
9495
2700
2271
1296
9279
4003
381
938
1286
1763
1838
22391
3414
2952
14710
2842
5851
623
2196
2753
1786
8185
1416
2021
6919
1360
11719
873
1762
2579
1085
2843
751
8176
2184
3201
132
1749
819
2545
2712
2311
8505
2301
1899
5572
3657
2129
5755
14293
1986
3385
3759
8260
1691
13284
557
7106
985
317
5649
2644
2182
6650
1648
248
2245
1905
2840
5979
402
7242
679
1088
571
156
17889
1493
791
9380
563
7408
3773
8207
1028
6587
2739
594
1604
2007
2523
1519
2115
110
2058
2661
507
615
1574
2277
688
5248
3503
2902
296
12384
132
1493
*doc55:Tuyết Bích Collection
2900
6035
18989
14710
1901
26790
1935
408
14486
6593
4072
59016
1396
663
1550
9642
53700
946
904
12099
22744
14409
2288
8606
3825
5569
17821
36545
16654
7814
88963
10474
102890
*doc56:Không Sợ Chó
1665
4569
8887
226
730
8012
5735
4687
382
18688
964
23256
10968
30259
7038
4257
7027
998
262
26389
17175
10026
2261
17020
27044
11855
16121
21258
39321
3150
12769
1652
5240
3598
31291
57046
8335
31765
1720
27345
12573
1992
56030
5676
2763
10846
2730
2765
5814
5202
5148
28061
7851
3151
2532
17005
7786
2439
7190
23730
4801
2517
9340
31538
1392
1615
65954
10828
3456
34773
9333
6360
16991
20180
16253
6839
7702
4744
2078
24455
3945
14867
2791
217
21599
20967
4251
8142
14043
18509
27952
7520
2497
10855
5363
29631
28017
23425
4339
6613
7117
27889
1839
912
7991
15299
5498
23016
17307
5161
13379
24992
2321
33479
15657
45592
9808
41463
17458
3747
17142
477
29810
4442
3446
9059
7961
6791
13274
56055
19559
3105
1297
11166
10178
3605
5200
1126
5746
7145
11080
9977
30883
11299
9882
6605
15994
11566
6447
4642
30465
9145
3989
32558
4343
15939
15352
5635
6223
33064
9839
7928
7730
4143
2901
2264
9771
8077
11958
5694
18087
22074
7121
5185
5798
10684
39415
32875
1056
22483
32882
9971
7191
11326
4785
5736
8181
17258
4414
11397
4686
21125
13488
28232
23784
30056
1238
818
2223
14633
9947
30198
14282
5149
36076
51419
14254
6710
18211
8627
14575
26205
13263
2728
19169
14686
17828
8626
2211
35997
5796
1797
4195
4317
4730
10638
12259
654
3367
9775
16095
18056
9553
4238
6080
2133
2364
8366
5177
8347
38239
6865
10144
10178
1914
39395
5544
12876
17563
2041
8289
3110
1295
7553
11962
12035
15464
11593
2005
8111
14533
32610
17480
7923
5960
20758
9209
6827
25068
20207
13729
2027
21424
10546
15605
44060
12215
2561
1168
885
6771
14050
8562
15497
58344
2329
18171
9120
4609
11181
2019
11014
5778
2269
7641
10968
*doc57:Lady9
1003
13
972
912
1049
992
1007
1124
1116
1068
1014
5265
5829
3696
3987
17414
8412
5672
87
1109
29933
29
12
8
9020
32
4972
3317
202
301
197
143
1990
4885
4577
8755
484
348
3046
3161
11171
10261
3637
11225
1623
*doc58:Tuổi Học Trò
131
243
18737
374
1042
1786
2644
1201
4576
474
2386
1764
3638
218
909
3040
57
1513
4738
342
4361
318
2511
346
712
1687
2864
425
810
438
2991
1783
564
2455
442
656
685
*doc59:Một chút Yêu
3233
7540
5872
8080
7738
6383
11753
190
4511
7565
11055
3033
8740
442
4627
6619
3165
9262
3005
10637
14789
4232
6573
10804
9138
7579
4165
7517
14334
4895
12427
18725
8516
3160
1051
10262
2399
341
11642
5412
9963
18754
5684
6847
11827
17683
13552
6678
14308
16864
17403
10876
10891
7089
15462
*doc60:VÁY
825
386
379
1024
1177
1253
3720
433
458
790
1694
1917
1858
644
143
478
8747
8317
1789
921
366
2651
8966
3630
17705
14926
331
422
26146
1442
533
545
1863
490
885
92
2341
103
378
7473
8842
1208
1402
112
1783
718
394
816
70
83
9499
404
1177
10050
2405
10336
548
570
483
4335
4273
6005
679
3450
7095
1508
7226
61
6031
1467
14230
1057
2581
14958
2309
737
16823
3854
18550
3099
1712
426
76
8985
337
1877
1465
1143
602
16936
1534
1184
3564
1547
9408
6139
5447
5273
4326
2419
86
7968
2404
130
2532
6257
2601
916
1776
31462
855
1833
228
6827
424
59
2955
6707
3053
8375
44
479
86
8432
7653
11965
1669
28698
1035
3203
3535
2767
5400
25085
6515
3484
9775
639
92
7228
2590
30930
1960
7273
1642
951
9788
2023
7459
1177
3196
791
4402
58
9202
1569
8093
13094
22383
6397
2292
2456
383
3724
2059
83
1763
4500
4910
4789
17147
2370
70
7589
2783
21856
3194
10378
16328
51
1056
926
7914
538
23810
10147
1048
21903
3058
13859
*doc61:Status Tâm Trạng
816
168
148
197
199
95
527
51
149
95
36
198
125
77
98
449
92
39
1019
275
117
143
127
318
547
181
153
1093
896
289
390
306
240
414
414
489
152
91
152
105
862
508
61
545
162
257
505
184
100
1005
110
304
154
658
78
319
322
283
1798
491
323
172
307
159
338
2076
179
272
50
2033
42
126
116
31
1782
110
254
1325
70
752
240
81
398
1742
38
234
120
109
1258
2402
652
837
608
2564
105
968
173
128
43
243
64
2115
148
357
186
308
190
278
205
830
715
569
216
487
1171
674
226
639
111
356
196
479
875
226
186
328
2680
344
570
1180
504
1393
587
251
256
212
3346
104
542
723
303
290
482
401
667
381
1025
619
148
233
173
255
3081
227
441
319
127
156
88
788
725
2443
1112
333
5884
170
1090
165
83
1252
1742
1078
150
1573
548
50
*doc62:Hóng Hớt Showbiz
32836
1716
5142
14655
1160
2211
3740
91154
49403
9893
38019
72542
4936
87526
48244
19311
68782
974
22648
6418
10095
13822
67761
42117
105978
76114
18245
2244
8002
350
10430
14742
28740
64503
19624
42009
61036
10517
87501
50607
33655
2066
3981
5959
1445
11633
8735
1998
26163
8591
73385
10297
13981
15768
14327
65359
70013
1618
4410
30779
65086
58644
5474
79598
72264
133157
31242
42365
122145
16020
85092
42367
4938
5363
1441
2404
7442
21747
19384
23127
96514
9750
7337
23615
52880
36204
2466
18161
55058
26491
2199
68547
4384
13884
1998
4238
67632
10741
84463
77187
48440
16215
86163
61802
3256
5600
35148
64535
12348
14681
2817
12248
24083
1742
24036
76995
3136
12774
33639
2887
2468
27083
3856
3104
86622
36472
55586
11323
21488
5943
9391
31605
41999
1181
2608
3546
2195
7185
13621
50836
39053
14897
1371
2423
10390
57565
3611
1750
108548
8042
30053
49508
91890
5596
1781
1926
29561
20511
17542
17770
3328
79664
5077
102099
41755
3308
10624
10465
60566
54304
9546
22214
51853
36554
7318
21261
22077
10016
12203
94428
25743
90466
9926
9505
5745
22530
3232
27732
50080
85506
2148
3191
18308
49225
5200
93634
147883
32497
1498
9545
8117
31916
18028
8370
153023
7732
1942
44573
39836
27047
58584
981
9134
74711
2020
55846
41574
115202
25764
51160
32572
120900
176697
237683
38824
236446
179274
122584
156088
10180
2267
16721
1641
159945
1253
14560
47505
35254
19750
11324
93034
13934
81615
4135
118977
30925
12266
3492
5187
1992
15300
11828
22656
2484
7615
11303
26091
7013
7071
3230
6582
40739
4807
30103
1296
17846
4504
1451
46947
7846
33681
36372
29803
8820
2188
40957
4069
19972
12788
86428
36718
10977
92200
56655
4941
5517
2934
30380
21446
13477
15768
33639
1498
5187
*doc63:Why So Serious
7980
6243
8490
6261
927
11903
188
24829
12888
15046
1304
7967
1772
37095
1064
8763
2585
8788
37096
84167
30130
7491
49736
10708
4887
21072
75364
5217
14962
6216
3190
4164
10556
58442
1671
30231
32597
4402
8043
18126
2356
4461
723
4907
23194
4652
15451
19833
4924
10672
24197
15525
7655
8588
42040
3861
18184
41795
3761
9858
4339
57268
19446
16489
86952
37654
60157
42131
68525
4195
37797
60397
12291
13383
11735
3424
23855
21175
11296
7192
53982
4890
42608
31778
5902
17895
*doc64:Deep Love Acoustic Music
4135
8046
8705
15775
9165
18777
8029
7565
13783
2282
10609
3900
2584
7735
14036
3539
8733
9155
13201
17548
7186
9975
22315
15077
4178
4197
4945
5833
9852
6748
6344
6715
6462
38480
9970
12886
7628
1083
4440
9189
3131
2378
5310
11720
10556
1908
9975
25223
6592
10276
13120
5366
8175
14008
17852
4651
15964
10541
8077
11390
5205
6579
8874
5515
28326
11923
11454
7289
13004
13706
4936
6428
6686
29160
6023
14472
17053
13123
13945
6151
12524
9152
36655
12643
6517
10018
17651
5743
6518
5315
11582
10908
15204
5876
7800
14829
6863
5854
12625
4359
15719
13226
29375
10576
13999
8933
14612
18965
2086
6123
21857
8194
15728
32052
10209
46347
14945
31709
8645
3775
10355
21460
6688
4601
8386
49300
8712
6020
1934
10116
22140
17019
14182
9524
5998
5613
8407
3750
8358
9083
27354
17725
18320
12931
11586
6260
10773
11844
11082
5544
6368
13406
13797
9343
14753
5568
9642
7768
16237
17836
8252
24000
13306
7779
10713
21101
*doc65:NGỌC TRINH,Lã Thanh Huyền
205
603
13215
922
2590
632
289
316
3309
1952
1277
8946
139
841
440
18317
15140
737
966
6612
461
1465
439
1050
3152
721
1066
4881
4143
599
3081
1068
1059
4363
1742
1210
597
579
4499
13666
278
3888
1232
6239
1159
542
62941
895
802
1664
*doc66:Y1 DJ
462
544
1912
692
821
1543
1592
669
653
1107
5293
1314
257
2615
1994
167
570
246
1891
2247
220
337
1329
849
888
607
819
166
1703
2246
564
289
870
766
2778
3222
588
3265
764
399
1046
243
2332
1999
2070
1437
2165
2784
81
593
847
199
7981
78
2923
2915
1747
172
4411
809
3121
142
1001
1285
1180
1780
625
1088
155
639
2734
1513
2216
809
1551
287
1159
957
913
1259
3735
5180
3074
1333
*doc67:YAN Talents,YAN TV
21
14
4
5
6
710
7
55
1672
16
747
13
5
32
1308
11
13
719
13
50
30
6
18
35
17
80
108
88
7
18
6
20
66
23
6
90
17
699
14
87
1303
12
39
16
140
12
32
15
9
52
11
31
105
426
19
524
62
37
17
10
63
7
16
957
405
39
13
114
15
2052
19
10
32
632
31
57
68
48
18
11
70
7073
1387
17
67
20
20
27
61
160
27
386
60
13
16
307
250
10
6
22
21
297
17
33
4589
22751
49
15
13
108
70
17
49
110
50
28
4081
125
1952
13
281
1585
53
220
117
2476
5
10337
23
13
1768
47
71
81
38
10
2
178
11
4
38
88
32
103
59
43
12
13
1081
27
85
46
48
77
27
21
361
50
5
734
7
64
14
45
10
45
9
52
16
7240
7
22
26
10
191
20
79
27
5
23
13
80
46
1004
65
14
107
1762
35
770
168
1001
141
133
13
21
4
17
90
836
3621
19
41
13
18
88
14
636
25
15
*doc68:Cooky Việt Nam
121
*doc69:WeLax
550
669
3562
2080
2135
296
364
12617
7422
7347
3517
9906
3383
10596
6895
2726
2790
6305
11429
6700
1042
2135
5193
378
7156
5728
37068
2193
17583
2646
3572
8649
3709
1459
5737
170
2344
3229
2495
3204
4562
41457
6029
11654
32981
1757
2358
31846
2595
6499
9045
32929
16106
2931
2693
6291
10630
13091
18203
3396
4649
5132
2510
1254
2520
4537
1211
3238
16669
6741
4908
4893
37688
709
1860
2657
18581
10592
3814
6817
452
16591
1582
26098
4443
5125
2565
72319
5166
14316
23379
3992
27833
3023
3925
3066
2920
3868
3367
3360
2387
14389
6094
3193
2962
2487
14933
3268
5860
1253
3935
2557
14681
4472
4554
3472
2795
1741
3466
2374
5998
1878
3606
38832
35769
2896
12092
11999
2117
1140
14882
2890
2029
3658
4865
22445
2436
4139
2637
173
156
20974
5514
898
5265
10381
1620
3755
3226
6109
3801
11593
2181
397
10819
6645
28070
3334
6743
1142
15784
10738
11936
4532
3681
4629
3890
3641
4027
6135
5573
5331
16355
5880
7099
1475
20317
3834
3283
3361
1951
6549
2808
4801
8096
4628
2865
3546
2449
3849
3620
18530
989
5099
5418
5698
4831
4765
3145
11963
21770
6441
5018
15941
4492
4216
3626
1895
36445
3176
2583
1898
6048
4741
4957
2620
7121
18475
8804
2803
22432
21364
7022
7847
3453
3380
3006
3978
746
6561
32173
2710
21565
7972
79
10455
10327
3434
3824
2960
5430
6698
9411
7155
1175
32240
4749
10463
2374
34986
5336
6289
19780
7131
40083
6192
4188
11308
17749
24097
4021
5628
6459
28191
29866
12699
4735
2895
4572
23726
5842
2802
4160
8864
21540
26292
1449
8032
2418
6081
15437
*doc70:Đọc báo thay bạn
268
8823
15
544
102
404
67
151
88
121
70
2671
101
67
847
47
162
56
221
2081
96
201
5591
51
42
114
448
87
166
82
119
55
3269
178
80
481
161
105
41
11383
107
42
124
85
57
3558
151
566
167
6175
176
173
137
2081
112
203
1075
33
130
452
46
90
183
219
111
129
388
180
98
410
156
135
9901
98
2242
83
88
37
164
605
75
2937
72
1111
433
11120
67
307
145
528
64
239
560
67
60
238
478
31
5087
78
36
48
4258
197
40
54
3055
65
54
42
210
31
82
3753
45
158
4988
276
65
2447
44
751
58
74
15527
855
118
68
1481
34
4987
263
30
34
81
31
1965
33
521
43
469
50
39
1642
128
717
253
183
629
36
48
1937
108
44
3376
40
119
162
34
28
6962
42
2743
24
50
181
548
54
86
167
86
1180
98
3598
62
61
3556
2488
625
549
44
57
258
20
38
2463
41
88
34
150
2469
33
1117
579
345
51
139
24
772
27
3828
29
167
109
42
856
41
4307
60
2125
191
52
248
37
82
6062
75
893
125
4594
39
146
274
63
211
1208
53
193
46
55
45
2829
58
643
90
234
59
207
63
465
58
4405
42
54
65
34
43
86
*doc71:DienAnh.Net
42
7
86
22
113
66
90
35
56
71
68
27
258
78
29
73
188
50
86
45
36
111
32
792
591
56
48
743
47
50
129
63
75
37
78
36
13486
102
48
274
34
28
731
110
19
58
202
127
75
776
14
70
326
42
36
70
52
1514
86
39
67
72
82
82
103
631
63
19
117
182
129
363
77
32
68
69
74
46
47
28
15
14
27
46
85
35
93
2015
12069
169
78
179
69
444
43
75
36
303
14
1469
4548
1533
75
89
41
51
200
116
32
1011
29
32
12
36
309
113
32
15092
9
35
56
41
27
62
21
27
31
70
33
61
764
30
59
29
7
37
69
17
24
135
29
320
52
155
351
877
28
79
31
94
3617
29
48
4601
893
62
161
65
36
7
22
51
33
53
1422
1715
72
62
24
366
126
88
14
118
26
62
50
45
94
57
61
2648
82
49
53
45
25
32
1036
166
7526
53
19
31
132
32
70
33
29
130
47
10
22
61
56
87
2551
203
161
4366
12048
82
8804
40
499
2003
122
62
57
18
43
58
17
29
49
18
29
135
868
94
2514
131
55
2514
13
15597
40
91
111
173
1127
27
16
50
33
31
46
76
15
56
41
174
37
93
50
35
15480
13
50
935
13
47
68
43
37
57
50
43
29
42
26
35
140
654
85
114
144
46
230
46
23
11
88
1730
96
57
36
484
22
379
28
39
47
45
23
90
71
2578
4424
173
6
39
29
85
37
183
1033
9205
13360
111
85
13
26
654
18
165
145
*doc73:Đẹp 360
12
2
23
59
11
34
121
2
88
3510
67
11
11
23
131
963
39
464
239
8
26
74
3678
10
27
1426
79
1410
5
19
9
50
184
970
11
15
316
10
99
27
15
79
33
4475
497
237
3
21
9
53
33
32
40
11
22
14
25
16
3104
26
14
6
184
130
1842
46
10
29
101
123
44
1042
24392
12
6
29
12
5
10
438
8
15
512
26
5
27
6
32
104
2
105
131
17
51
9
26
8
3
6
43
5
103
405
878
9
8502
53
46
325
87
6
195
455
11
13
1518
6
5627
3
9
23
38
19
2
283
3228
13
21
184
40
12
3730
12
19
3558
22
15
7
193
1
141
57
12
3
71
103
47
18
96
89
26
2745
9
54
14
44
6
32
8
11
19
42
16
165
24
1644
133
22
77
2
5
611
62
23
19
253
5
12
36
7
7
5
1295
975
27
45
14
115
922
8
581
183
12
5
23
50
7
12
13
12
20
17
47
25
1863
17
16
17
9
*doc74:Netlife,Maybi
0
0
20
20
10
0
0
0
10
40
0
0
0
0
20
0
10
50
20
10
0
30
10
30
0
0
0
0
20
20
0
0
10
30
40
0
0
0
30
0
0
0
40
30
10
0
10
10
20
10
0
0
0
0
0
0
0
30
40
20
30
40
20
20
80
220
10
30
190
40
0
0
30
0
20
10
30
20
10
20
0
0
0
50
100
0
*doc75:Nhổn Làm
3164
3535
1902
3154
11750
8069
2309
5609
1991
11117
1301
2471
20986
2244
8555
4129
7359
14129
2103
5299
1744
40549
42563
3373
5817
9639
4654
6027
5653
2371
34638
1810
1854
7319
4180
2441
20585
12391
3203
39309
2766
815
3731
11671
1806
2189
1797
6607
6542
7317
4471
2629
24216
4623
2312
20180
2829
2994
13584
3108
5935
3445
15892
1340
7584
2634
4557
1818
1817
5422
4561
3856
2609
2618
13862
25150
5458
6860
3494
8344
7883
1345
1459
5975
2326
2704
12860
1066
1682
3752
28907
3022
1102
3919
3092
2209
2686
2416
34331
2308
9005
2914
1264
8490
2833
2374
8766
2843
1844
5179
4087
3451
22329
4383
1722
1455
1042
2350
34159
1261
3029
4617
5777
41933
6688
4802
2419
3171
22217
6189
4299
2102
12224
2586
2740
7459
6816
6160
27422
2790
3614
7915
8582
5705
3623
3666
1954
2366
2731
6295
1976
1734
9061
3232
961
4604
10161
1806
2308
7459
22329
*doc76:Cám Chăm Chỉ
4785
28142
3592
6088
37525
35932
29760
1996
4308
6112
19926
6363
10845
58407
44794
27993
52098
8730
3047
8912
11026
24996
2097
31031
20276
23311
2967
27873
5741
44111
9797
7866
28309
*doc77:Anh Da Vàng
11992
2133
17905
28720
1189
19452
2120
84810
66495
38932
29958
15033
46738
30417
2156
49518
135158
15094
34960
30556
32308
17164
61688
22868
75712
10331
5037
26294
52603
58606
123523
15491
99883
76315
61746
19323
227371
26280
8361
194460
65985
113018
72677
5922
19557
7214
7353
19109
23841
99696
30014
54146
11428
109025
49361
74108
26739
14674
37443
26529
19922
95474
12971
28421
8162
107296
37260
33898
42136
13091
1877
29007
31228
16589
29647
13374
8875
12791
16575
13736
6215
58779
40997
8886
6843
*doc78:Cuồng phim-Review
3398
460
228
1699
1492
1010
1529
5997
1429
345
434
5176
7856
4736
27530
1136
286
330
17411
3846
3075
1058
11650
1602
2132
3926
21230
1767
197
555
1827
4567
14347
1224
7966
9078
1414
1824
572
1014
390
11837
1550
19992
1045
3269
7318
6032
1145
1221
534
5572
294
643
4066
1220
366
346
191
895
7640
6433
8856
5138
1552
7541
1742
4962
4553
2620
1451
1990
3160
661
350
484
7329
637
5177
333
965
1839
2929
3540
554
751
53361
514
5048
2702
5879
269
950
1377
9895
25943
12911
7797
1130
1578
2633
1039
4779
5512
2059
4587
11129
7608
1745
840
1595
600
1551
5414
3392
635
1135
5653
614
6087
3528
540
3429
165
8206
429
6986
2048
5839
428
3757
2739
9334
1463
4805
689
3583
1239
1939
401
8914
536
1660
4543
1333
680
1064
2184
1118
2014
11795
2552
11971
1374
4287
9159
492
6449
1321
3514
2311
2244
2980
5837
280
336
2378
1008
2834
2032
7369
23841
1972
2670
4439
604
3042
3163
8744
3616
3741
195
552
773
1178
2777
2401
1166
18321
5160
1230
342
2360
3189
1247
2981
1981
4557
995
2038
1718
2533
545
846
2710
1242
1870
6501
1851
1190
3246
573
4393
12608
3766
2469
4116
3287
625
1348
3102
5166
467
525
2180
1328
2038
20973
10165
612
587
262
1074
3673
3499
7370
1029
8185
1838
2027
2084
2291
4839
7446
8883
2016
613
4500
768
4327
1163
5289
3335
1768
10722
1378
2687
3935
894
4622
11065
661
2267
1608
1150
5705
3068
13554
5404
422
2119
1114
650
1995
1927
796
5005
2327
1260
1260
1129
11231
8892
1575
2087
10453
230
1506
27536
286
330
3846
1767
197
1045
6032
4553
661
3540
269
1595
1135
6087
165
5839
2552
492
1972
604
3616
195
5160
545
262
8883
*doc79:YAN Kids,YAN News
37
1046
1087
254
911
99
604
954
12583
3905
7255
33
1752
503
3073
998
875
2977
5043
211
104
774
4567
909
365
41
2653
1177
1069
337
8630
656
5786
642
1106
894
2757
3665
660
905
677
2181
1256
1275
5638
5742
2333
997
2044
1048
2794
1092
465
6547
1252
156
996
1752
1290
408
41653
27
583
893
1190
1630
2066
728
4409
1474
2752
21493
5952
285
1712
333
1732
3827
563
338
10245
1598
6888
3318
377
22519
1419
6653
7652
3330
419
646
1295
259
1096
10388
594
5520
4533
629
3621
859
987
3503
1116
2565
52
1210
1311
1846
706
2353
2486
15347
1114
2752
1169
1811
1199
2094
99
534
1253
4127
2408
369
623
638
1425
9029
579
2198
426
677
2448
2852
5596
3292
1508
3290
651
7703
1943
1956
1252
2120
675
1928
4362
2286
873
1734
206
1931
295
5565
1676
816
3181
1084
303
104
3166
63
2608
1105
377
3419
4030
1653
4054
321
1185
874
1880
3002
1350
1589
2243
1797
5647
837
5111
1213
936
4148
1447
1648
1446
168
1283
9200
4746
2375
4506
890
6394
935
1492
2923
1046
3920
2152
1008
7209
3632
3369
1719
9354
2482
452
1752
1300
997
339
9069
1730
1003
1883
379
504
504
955
3139
854
253
1734
628
601
7234
601
889
1437
*doc80:Anna LaLa
442
4754
204
1160
655
937
3235
389
1591
806
539
1033
12803
101
674
6432
1105
1151
504
13741
599
1420
286
13148
792
222
2913
1208
1372
25211
1644
1114
635
1196
1250
620
177
12163
499
1613
2087
1069
1363
4756
9144
1637
1284
725
429
13655
729
248
588
5430
1033
4009
5417
4317
764
1056
7361
2135
1699
2225
1072
526
1381
1599
3712
1745
507
914
1799
3472
372
10883
1739
1108
1135
21095
1898
1069
509
3760
529
4568
4078
5427
13444
301
3577
5258
261
1108
520
783
1193
2789
6455
11071
249
31224
238
1884
737
2452
168
52435
31702
379
948
1169
6765
1018
2405
19383
302
1613
9833
1287
1148
452
26552
411
7584
837
4256
1526
2434
1081
358
871
8680
4834
2237
19932
12082
10746
386
915
1163
1163
853
20104
234
1196
351
5310
1687
764
15650
1223
1169
994
511
8537
633
619
3227
1184
262
1114
371
8198
2296
2643
8921
2683
1161
1004
1184
183
1274
2169
479
929
939
4782
215
795
2132
11545
401
1581
1335
1475
1477
2825
1199
468
9100
5230
1608
9356
275
16155
1254
636
837
1157
4616
961
266
9149
744
905
2564
1232
2920
233
194
15667
1105
4550
4613
1457
3040
2673
1054
975
3179
799
1138
3126
3466
7579
429
1063
2162
1581
2504
313
13439
991
780
1747
1163
2026
1024
1550
34933
294
3821
5363
361
980
3122
23830
1495
7413
1880
18950
3981
14177
5044
1357
253
290
756
10044
364
1033
372
1640
2592
555
2413
4791
2414
2441
394
1780
1341
1665
551
26035
650
2692
528
2845
2214
395
2402
1929
1368
540
1090
1056
1323
336
3347
235
289
176
2808
4592
308
15974
866
505
4064
1944
337
10459
5033
298
1677
206
7328
1766
1311
228
910
520
359
946
1613
4317
168
*doc81:Vì Mẹ Là Mẹ Của Con
49
13
370
169
212
82
46
611
222
620
301
360
231
321
145
472
237
2367
886
1582
1374
493
48
953
253
2442
8865
309
372
290
1578
277
156
10
654
796
493
240
4928
1084
362
208
3289
543
201
486
105
139
135
2277
77
471
690
190
692
1150
163
61
1618
624
439
132
332
424
1005
356
98
245
144
66
8
3434
130
419
65
630
104
152
1545
125
1489
848
833
56
67
85
140
217
553
201
2915
390
102
601
1066
181
133
206
82
154
851
472
498
3171
324
189
287
119
243
52
566
374
317
382
135
195
995
60
199
356
844
377
202
265
1792
*doc82:Cách Sống
8
31
41
10
80
30
15
12
43
44
117
6
211
38
63
10
18
105
50
28
29
108
548
127
45
210
119
116
155
59
38
22
19
26
126
82
171
203
46
18
113
724
149
345
139
146
138
8
153
48
21
69
131
54
14
17
59
248
238
75
60
12
1
142
74
186
32
13
45
321
97
370
69
12
61
80
6
232
293
71
51
72
38
82
68
275
114
94
62
15
60
396
71
64
428
135
16
77
24
64
122
63
54
40
38
19
68
72
22
59
9
71
82
110
46
39
117
94
97
43
103
68
21
95
50
29
407
482
236
90
73
128
35
30
42
23
54
6
81
43
306
22
43
8
28
25
159
296
58
15
158
97
49
74
72
16
218
98
*doc83:12 Cung Hoàng Đạo
1759
2073
3629
4090
621
1011
1662
3031
1611
1168
1108
759
1487
3848
2854
562
3452
4018
1388
2327
937
1031
4984
874
3645
1139
2814
589
4368
996
3906
900
1523
3260
3712
597
1240
560
2457
867
5436
719
2823
671
3074
1081
4023
360
4961
996
1433
5433
651
1065
3441
1187
3536
4131
3842
1144
703
2081
3036
1382
1852
2024
1495
953
514
856
3387
1073
2902
2163
1005
1876
585
3845
2794
5430
3795
3975
1343
4459
445
1226
451
2386
343
525
2825
1923
6050
363
1596
584
1520
441
3800
1034
301
2782
782
3239
1795
674
3712
2011
1579
1291
4517
1000
2734
2065
3630
996
3201
1076
1213
2228
883
845
2395
578
1315
923
1372
1307
2510
2179
636
1076
1099
638
3582
1013
541
770
459
726
625
1012
3635
727
5349
1104
1093
818
1717
4488
3284
1485
2332
850
2800
10683
935
792
1399
3077
847
4520
1283
1916
618
2789
1572
1112
1122
1932
1260
748
2799
5879
711
2174
4293
1608
1800
5723
3145
560
258
135
177
130
279
244
145
126
122
179
214
92
56
86
90
100
119
133
87
217
219
286
85
111
175
719
923
*doc84:GameK,Bro Nam
280
62
402
357
198
176
795
631
9677
515
800
1177
273
387
5031
260
2835
188
227
669
136
358
242
149
3520
2582
489
309
442
4100
272
720
123
188
179
385
592
252
214
217
887
1432
392
1996
411
295
663
778
354
333
2549
708
2952
184
91
1071
166
709
1722
645
182
100
260
178
7466
1051
6349
516
149
116
1461
137
138
1618
4185
1195
314
680
1770
481
521
355
232
200
3080
365
364
555
979
1938
801
2847
274
220
118
379
105
99
214
1578
683
1448
2978
550
447
415
1478
112
181
400
400
596
116
193
357
453
756
1898
896
1030
488
2641
319
513
5436
320
443
407
317
624
2492
186
301
4618
237
3581
1390
234
559
274
929
412
4677
164
309
179
324
787
411
511
192
392
211
1626
180
404
385
316
170
196
3894
379
507
198
1858
407
583
328
455
444
4909
361
3184
425
293
150
323
654
1937
268
2867
918
238
243
185
250
542
645
291
1059
198
370
601
499
273
9599
397
225
274
267
329
414
1255
292
254
472
642
712
272
987
135
176
124
4690
448
160
949
1832
399
203
677
286
1014
169
290
402
291
417
207
423
508
415
914
5037
163
341
470
650
2261
325
1219
8643
3588
864
353
325
224
181
173
1680
240
217
251
493
4230
6415
406
611
1148
1375
178
1214
409
105
216
168
1068
674
161
253
129
197
328
984
9840
1472
237
254
459
6428
1759
1011
134
309
370
165
166
1284
229
447
620
208
475
318
531
819
4485
246
552
794
243
159
2216
375
108
351
582
568
248
125
743
220
1011
9279
202
292
180
624
1154
436
295
301
233
597
263
945
287
2247
353
318
2708
120
2184
225
191
150
993
3807
269
12307
229
431
180
171
182
294
1143
187
191
592
655
194
268
324
546
168
6513
926
548
565
277
240
618
603
2490
4358
168
116
120
1064
152
631
392
317
353
120
229
2372
152
*doc85:Mẹ Yêu Con
14
10
12
17
108
1296
41
4965
16
10
4
18
26
8
15
222
10
2342
300
7
585
10
1926
913
3690
18
219
199
986
43
1420
13
52
27
262
25
9
18
17
64
6
166
35
99
54
1110
1962
44
166
394
2956
33
31
1187
1819
41
315
99
23
110
649
50
9
743
27
16
414
460
11
148
12
138
8
7
1520
218
8
27
427
153
91
406
72
104
69
1498
155
23
47
93
338
20
70
21
11
56
790
273
159
24
449
63
114
369
1090
768
512
1213
96
299
100
100
12
71
14
357
14
1493
35
97
4
45
21
26
5
3116
5
5
9
8
1063
4
128
5
35
365
58
32
49
13
44
34
22
14
22
82
18
288
17
35
204
17
202
544
97
*doc86:Vội,USmall
11852
8001
6247
3635
3318
1438
6926
5056
2474
2583
5715
1739
3311
7440
1747
10654
2762
4781
3557
8722
4828
2648
4099
10463
4813
1393
12838
5793
6771
9265
3186
3392
1064
4769
1438
10832
2086
3596
9549
3421
2456
3443
2622
11077
20332
8408
10712
4663
2304
2929
10466
1784
1064
4113
18880
4661
5715
2174
4013
2882
4176
1711
6571
1686
15329
2286
10030
3183
16919
2513
8843
6875
3703
3552
13983
8265
5639
3553
3080
1699
3122
3845
4879
23132
1429
3758
3846
1434
5220
1035
3644
4996
7776
9509
16195
8834
6381
4607
10971
877
7496
1601
1688
1217
5770
3179
2913
1671
2907
944
6730
7380
4921
4433
6715
2869
5939
1946
7416
10646
15289
6559
2464
5976
16518
1104
10875
6709
5552
1040
7126
2535
4894
1478
3337
560
3898
3251
11439
1279
2067
10861
4829
1750
19087
3772
1702
5161
5538
8586
2909
37260
15282
338
11171
1133
4347
1001
4283
1522
6166
1957
4248
4030
2776
11292
4156
4827
1409
7667
1736
10954
5230
5180
2435
5481
3714
1291
21576
10127
849
15530
543
2746
1161
18635
1725
3560
3603
2378
10861
3074
1775
2037
3977
496
1919
2279
678
2633
3237
1873
5691
3072
1345
3561
4653
1702
10788
6156
1499
3437
651
2884
1252
4860
14357
8990
5050
3908
7394
2628
8539
12210
6233
7877
668
14908
13657
5053
2133
3578
5848
5228
1060
3949
1032
2385
1727
2916
804
8407
1250
4341
1201
5543
1405
3538
789
14011
9038
7047
1333
7805
3682
17636
3236
3032
4495
6611
4516
9557
3836
14780
5998
18561
13575
17056
24258
12735
5901
9387
2172
3941
12833
2654
4990
1006
3659
3825
3830
5059
10753
5172
*doc87:Mỗi Ngày 4 Từ Vựng Tiếng Anh,Đại Kỷ Nguyên - Văn hóa
15
86
22
29
11
7
12
30
125
10
70
3
5
18
81
9
15
6
15
186
112
464
59
15
1299
135
18
852
379
17
2395
25
138
38
290
506
19
366
9
942
137
22
148
83
10
28
8
2047
4
164
16
53
157
48
56
603
22
155
23
243
47
20
26
111
209
58
4049
82
211
16
552
257
219
31
140
25
4129
156
324
84
187
20
*doc88:SHEE
7
293
117
9
3347
933
8
48
5
9
272
269
12
1581
85
665
7
1340
13
1499
11
12
306
6
5
52
11
601
13
81
1820
105
13
1630
4
189
75
299
18
52
202
13
11
2604
3575
16
1869
3
483
*doc89:Đàn Ông
2197
2335
2409
1275
7327
419
505
977
1114
555
5434
1544
1709
6198
792
10040
1890
4712
1917
488
1328
1515
7014
6822
11921
2049
1964
1751
2405
6334
8421
2188
5118
541
2309
5964
1813
2092
5801
3214
1313
1044
9667
6237
3428
1333
1047
474
2711
2645
818
2009
3705
1375
1702
6753
2689
14699
6279
4300
1436
1819
2843
1108
2886
3347
4802
320
1261
275
956
628
2317
365
1062
1898
2645
3647
6793
1217
1674
1948
3182
14307
3265
5172
2608
4387
6659
1928
2039
2647
2308
765
2768
2305
4008
2600
2399
*doc90:POPS TV Vietnam
9
534
1268
82
38
317
5704
195
85
35
78
326
23
91
48
74
34
167
165
147
3575
2900
1603
6911
5873
4189
1138
1427
3867
962
179
1115
4791
1545
7279
2533
5125
2136
2895
39721
845
4049
643
901
617
34351
2104
461
1100
1627
772
26348
3990
26430
1025
3092
1733
2124
19125
1603
13402
3346
110817
5224
16457
3081
1079
2359
22452
5510
1238
1057
1039
2145
5491
15932
4257
8496
631
21496
1066
848
13347
8773
2499
24920
2092
2890
960
701
9289
9164
75053
606
1386
10399
1375
1000
687
28444
72987
4392
1830
6606
3698
1898
8623
40
2736
5178
8075
2211
3662
2618
917
1130
7104
1416
7534
95
2927
1739
2490
14623
1475
1362
10395
1001
9837
1247
283
7495
108422
3774
16883
1951
202
6058
3590
2058
11649
1437
1536
8840
11363
1723
10168
4189
3990
108422
2058
*doc91:Có thể bạn chưa biết?
4347
1263
1126
3496
3213
2250
8981
6890
2295
8139
4130
2943
2147
1066
1452
14489
2435
6810
10531
1683
10444
4081
1672
1569
15285
96
8446
4544
1562
5372
1762
1582
9452
10546
431
1033
2262
10498
4135
10166
2367
3250
4486
9988
14140
3298
778
10912
2762
7720
753
255
9712
8985
3692
4016
2281
10285
10246
16420
7135
6718
3850
3271
1905
1981
1764
1747
5169
1526
5147
10204
6584
5554
4343
7914
4635
3877
6849
3277
4050
244
11444
7452
1705
11651
9011
22993
1768
11020
8352
5651
3464
3457
2147
3232
3554
2823
10117
5942
4607
408
20471
2959
409
4319
15606
4484
11729
10540
13170
18958
4013
3816
2671
16358
2919
4205
284
5220
2863
7892
7127
9250
6471
3768
9437
9677
19373
2193
11713
4058
4064
6882
1013
6102
2015
17876
10129
6871
3565
3089
10033
7970
6196
2442
10468
3805
2572
15185
14579
7116
9437
11240
4915
2629
15369
6042
11384
1801
2250
3784
967
8144
2171
7744
4651
13798
12465
11900
2768
11390
2204
4151
6736
8552
1142
8545
5279
2493
1995
14627
10267
7038
2238
3736
14918
4070
17816
3454
12223
4509
4905
2838
6573
15360
7286
2665
3141
2263
12324
1611
*doc92:D e e p z o n e
1933
4057
5915
3851
6773
5732
9062
8751
8789
4831
4158
5192
6166
5983
2030
4960
5057
6424
8390
4410
6226
4320
7148
7998
5783
4767
12663
4774
10678
5894
1498
1816
3048
4493
5142
2325
6489
1286
1643
10441
3755
4586
8250
5724
11696
10384
5706
10426
1246
3787
3457
16450
5642
10801
76185
1295
3913
7840
10196
3055
6336
10185
3934
7462
4468
4206
8301
13955
8494
17744
10519
14417
7671
9393
2538
2996
5507
16783
7709
5817
8776
27185
9937
20095
*doc93:Hay Lắm
586
217
521
1552
1938
501
1036
14
15
9
23
37
19
21
19
13
32
428
27
15
24
29
15
19
31
28
70
32
59
88
28
*doc94:aFamily.vn
21
540
21
11
770
4995
1388
63
184
26
380
271
1151
819
243
55
2881
55
145
353
14
46
2215
715
185
46
1046
252
67
25
14
46
113
686
103
2296
240
106
585
1095
396
439
61
248
34
59
38
4212
805
34
52
119
28
147
383
45
71
144
377
11
12
1041
1749
20
1231
5163
67
631
1483
91
462
110
1553
118
22
284
484
212
1351
186
122
40
21
51
485
885
634
49
696
6303
394
5
14
21
404
87
223
1729
28
156
20
26
35
117
974
287
19
8747
26
1377
5
69
128
632
46
225
16
265
83
204
1299
64
12
621
620
42
790
63
1215
47
68
2538
279
19
222
11
20
226
167
226
29
35
99
308
1751
286
20
7
69
69
192
23
201
21
89
309
96
133
82
43
142
14
34
1149
49
141
1575
1107
42
76
55
1532
845
14
42
243
7398
47
313
60
407
126
26
447
75
329
22
61
16
1437
679
1089
208
25
23
14
13
107
355
2030
642
231
8
436
40
10791
49
15
12
82
60
47
72
1563
2596
55
16
205
363
420
59
1097
36
40
298
1250
22
439
27
39
77
5042
587
1
131
36
11
143
956
115
289
343
138
94
54
53
286
839
25
48
89
552
16
216
68
630
251
259
7
352
76
244
360
1219
279
1476
70
1919
51
115
169
1367
74
80
129
45
56
1277
488
795
15
617
489
4
3287
1350
27
330
11
65
37
460
86
27
255
109
8
640
2035
9
5264
61
522
4032
43
728
12
81
58
80
17
1207
56
297
277
9
152
14
520
704
251
57
828
943
110
9
9
41
36525
39
18
271
650
56
354
234
269
57
30
57
76
69
572
416
3046
56
234
558
70
40
102
75
688
163
142
207
43
37
13488
539
39
9
117
181
80
43
4290
42
152
4423
34
585
15
79
114
177
1321
1773
186
607
64
17
136
88
769
43
104
7
810
44
59
586
662
68
2180
150
1248
939
166
169
59
2157
5295
2319
10
1423
22
110
6
9
13
31
231
7573
371
7
1307
32
745
6
26
598
355
3459
24
61
100
64
30
8
349
12
122
1469
111
670
31
39
36
42
418
29
6
228
1712
821
88
15204
98
261
177
520
925
313
39
120
387
158
23
22
76
3141
149
193
2046
35
16
5
15
62
346
77
10
188
110
35
104
3004
86
501
261
164
26
688
20
19
29
9
114
30
389
*doc95:Mạng xã hội văn học
2348
1066
1235
1232
3026
5718
2913
2328
1050
2270
2170
1611
2525
4198
3599
7800
6604
2041
3005
2603
3761
3354
1599
4444
3915
417
1932
2295
3654
4450
2824
5517
1908
4684
925
3850
3199
1456
3022
4128
3928
2583
3484
1838
3751
4439
4727
3093
3231
2685
5056
3707
2319
2697
2485
3810
512
5004
2988
3088
3090
2295
4241
4172
1914
5863
3921
3142
2507
4471
3303
7498
5147
2704
5934
*doc96:Chạm Tay Để Thấy Yêu Thương
28
209
483
522
741
169
*doc97:POSE
1
7
11
6
9
98
18
140
11
88
38
16
468
7
241
7
2
540
31
36
12
99
264
3404
31
19
64
24
803
9
52
1879
42
108
17
270
38
27
905
21
33
56
14
20
18
11
31
7
7
11
6
13
13
58
8
67
7
27
1
4
93
11
26
2
69
*doc98:Thăng Fly Comics
12342
4135
15201
13288
12354
15558
1335
11228
12378
7293
*doc99:KUL News
79
181
62
3229
1101
145
173
2621
1923
1997
1431
2430
121
22
127
114
3414
762
6280
26
131
0
4
210
1
3
0
767
1
614
0
69
0
2
4
7
3
250
79
33
2
0
2
39
1
13
1652
2
41
57
314
169
109
658
157
34
678
177
7325
759
1106
30
11
450
1136
100
920
17210
74
94
2180
82
31
0
0
316
11
24
0
3345
5018
290
647
1138
783
1887
1678
1590
1
12
*doc100:Những truyện ngắn hay
822
446
579
529
453
374
462
581
*doc101:Rap Việt Underground
904
4462
1168
5932
1792
1367
6862
2054
16055
1133
3411
2463
1656
2123
1309
2338
2773
867
2975
372
1404
57803
1701
2565
6475
1532
452
3241
2137
1507
2647
2733
7269
3015
442
12789
6321
2705
1728
12510
1646
887
1855
1137
6738
1432
1158
2579
2753
5094
1280
2106
2501
2633
1969
2546
2313
3755
13455
1307
3077
1286
3979
2442
3913
5803
1988
2340
1567
8193
4151
2162
3144
2301
11455
2240
1801
1995
452
2517
1496
1320
7880
1411
930
22376
2011
758
1205
3474
392
4346
4252
28178
1177
11846
1383
1448
1201
12948
2256
6416
999
1820
2241
3226
7210
437
6407
2154
8671
4176
654
*doc103:Nghệ thuật giao tiếp
166
130
460
777
298
214
59
592
104
81
137
81
1301
470
71
96
483
93
166
919
649
61
218
77
140
47
1977
104
80
91
67
945
94
77
98
150
91
231
2908
872
344
43
339
1504
105
1735
66
76
64
343
372
113
121
117
314
222
1087
376
78
97
2373
223
2873
111
113
89
1065
407
1201
60
51
76
145
554
325
1474
137
455
298
544
67
1990
142
2524
262
64
218
112
162
60
226
149
58
278
223
728
94
776
31
1347
340
187
199
256
108
127
137
227
152
353
314
1348
943
169
130
39
57
122
346
62
55
166
19
570
277
359
1066
110
843
409
507
1626
100
425
267
234
65
295
2041
289
64
71
694
156
201
3271
602
705
100
107
1631
96
123
1207
1853
3234
104
60
358
177
848
204
95
69
601
83
5300
619
135
167
378
44
71
50
111
2690
891
175
776
279
79
96
2321
236
1848
2266
288
77
165
64
2010
114
246
69
287
117
363
1627
57
330
219
154
62
735
128
435
100
355
323
111
889
142
7741
40
42
3002
370
1142
281
209
43
332
3895
122
3668
3309
114
146
342
206
174
178
134
70
366
178
915
77
2430
370
265
1095
76
575
284
413
108
139
350
3826
146
405
1691
323
69
3194
1441
213
811
326
149
203
1087
98
149
737
212
297
272
1478
1040
221
60
71
461
2323
198
264
904
261
263
68
811
708
157
58
845
311
418
126
196
214
115
3594
526
110
1905
77
3903
160
193
4770
91
417
114
242
157
344
468
179
87
345
256
2705
583
141
67
1035
154
237
186
108
171
630
267
89
4412
337
449
256
876
271
120
320
139
309
191
2011
228
411
365
83
106
636
1411
198
79
132
1413
4839
121
514
174
124
842
74
74
1158
1777
205
127
69
57
438
515
104
81
77
77
105
31
108
137
19
65
60
77
42
209
108
69
98
2323
91
141
120
174
85
*doc104:Việt Tân
493
1744
1138
162
1025
1368
6404
730
470
1207
135
794
3286
602
1460
1068
522
370
729
1566
1297
591
623
1790
1877
1467
669
691
455
502
1650
1123
391
4258
676
580
394
1243
372
2050
3111
915
1918
1615
2489
1961
674
721
601
2244
411
712
999
410
534
833
2828
778
1120
1070
1504
475
854
2009
351
1677
1455
507
1780
873
500
4533
1977
2791
2293
1363
1329
1442
275
621
828
1054
472
2493
2116
1257
1265
1833
2816
774
1262
1970
391
2216
1438
6521
1226
372
3175
702
3521
1037
1208
609
2339
3950
1507
4399
1177
321
1380
633
287
3126
1294
2798
838
1883
681
2712
496
652
657
2862
1546
837
533
2381
4781
2376
822
217
385
1619
460
643
1775
506
650
877
507
3307
1005
532
2699
1746
209
1938
970
259
1225
905
512
307
640
676
409
374
2677
941
717
2434
307
308
1837
3643
390
2668
173
1038
415
444
132
1288
488
407
901
1991
1386
1976
4316
297
558
694
568
450
1135
842
311
346
3315
276
254
853
1840
388
224
372
1644
326
261
459
445
1067
360
623
2353
313
1910
1513
276
613
754
208
414
2056
247
348
898
834
1101
899
396
1985
360
1576
1789
340
196
2566
3091
3295
659
607
693
2194
1768
1578
3348
1051
6602
901
561
519
1466
1231
782
454
605
301
466
1885
1464
1832
1068
589
724
567
4568
1718
1025
2350
474
1391
843
954
2260
5420
590
676
1222
1251
1286
1074
860
1514
2822
930
1112
1557
1512
498
1485
766
1137
1406
3147
1364
714
1377
486
1671
938
1624
*doc105:Nhạc Rap
469
3652
676
1872
5301
1157
1042
2149
757
647
4683
4010
3671
347
895
9043
2378
4256
842
338
3732
448
593
2816
536
1793
192
400
5736
1582
791
3323
1093
232
1302
266
8596
1387
4316
5388
722
2459
436
1490
2186
192
691
6944
1623
2953
678
3059
8886
1259
2352
2277
375
2356
849
*doc107:Truyện Cổ Remix
9274
10861
13681
29560
40188
10312
20819
7263
22805
11735
17867
12510
15510
14738
12597
10112
60671
9388
6220
*doc108:Học tiếng Anh,Đại Kỷ Nguyên - Văn hóa
8
41
22
39
3
1
12
28
344
9
67
5
4
5
103
7
17
7
14
190
150
289
80
13
406
282
97
22
494
19
1075
16
145
26
160
390
17
1739
8
1421
119
21
93
10
98
6
1711
6
107
8
92
112
404
35
405
15
126
14
762
33
15
15
89
120
47
737
120
12
1666
103
28
180
12
696
140
699
148
106
*doc110:Lozi
37
96
22
28
30
56
210
53
60
35
41
230
22
158
102
72
217
539
1338
1645
1996
1411
765
1042
784
1405
59
1193
1675
752
*doc111:Amazing Things in Vietnam,Amazing Things in Vietnam
2069
2868
2617
1470
2673
4834
*doc112:Những Câu Nói Hay
25
49
90
50
30
145
72
74
100
607
88
36
36
84
938
29
220
64
73
245
2395
145
67
173
301
3552
75
48
80
96
182
1807
9632
160
111
108
70
861
194
447
119
189
26
3368
2200
93
95
111
35
1996
265
258
134
64
1008
193
40
45
411
170
169
326
185
81
287
24
54
326
77
3306
46
101
137
65
98
1434
300
27
*doc113:Hài Trung Quốc
419
623
1081
916
1726
1196
2501
1045
1944
1599
2346
3071
1172
2044
3968
934
2372
2910
1914
894
1744
2043
2515
2745
2503
1668
5723
3003
237
1393
827
3483
1402
1220
1529
1511
3076
6390
1026
1735
1414
1514
2338
2468
1393
2995
180
1378
2570
4129
2904
1788
1575
5769
2925
1658
2174
3921
1820
2093
3472
1423
1326
3606
1175
1057
3918
1671
5531
1743
4021
3988
2457
1137
742
1793
1150
8966
3241
3350
6413
1486
2035
2092
6926
7487
1846
1771
1156
2247
1544
1102
1656
3504
3859
3341
1184
2503
1478
2449
1105
2760
1649
8908
1193
1832
4373
2243
1132
1636
4477
1993
1771
2150
1800
2831
2008
2247
9150
1247
2289
3443
3364
1705
6188
5203
3892
3301
1605
1923
6402
3461
2612
1757
5061
3011
4731
1772
5441
2468
2535
3655
3165
3495
3114
1184
3031
4092
*doc114:Bí ẩn 12 Cung Hoàng Đạo
2
16
4
23
12
0
8
4
127
9
7
25
8
7
4
10
10
6
7
2
13
5
16
15
4
27
11
8
29
11
22
390
13
576
241
118
159
239
326
208
62
348
626
122
428
*doc115:Nhạc Rap Việt
3849
1327
3084
1912
3842
2163
2733
3026
4983
2487
4686
5320
1754
1343
2081
1848
2415
2048
3073
*doc116:Tĩnh Tâm
4
132
260
59
64
3
532
9
133
64
229
27
37
73
21
1310
78
65
49
211
27
90
1545
33
423
244
800
232
66
33
12
203
200
275
24
1152
643
164
21
37
4
1769
194
12
423
558
135
1408
1216
773
224
517
59
23
50
90
1549
1422
73
211
225
726
373
246
244
17
935
165
792
1516
197
341
230
88
11
288
220
9
110
15
14
265
262
152
53
1181
74
116
21
127
69
23
121
1344
1002
26
332
270
6
119
158
13
245
52
33
271
387
867
99
3499
28
881
205
17
139
39
28
15
911
219
469
84
313
1403
2771
444
2072
21
62
116
220
694
582
269
279
1514
2121
1539
1371
306
82
9
38
1412
40
134
38
136
62
89
53
997
105
203
11
385
56
43
825
188
1519
817
122
432
108
44
128
177
24
100
185
33
84
171
114
39
1144
2593
220
117
99
20
157
9
147
1144
2025
202
86
29
1814
61
970
2253
243
202
22
22
42
48
64
25
804
35
815
308
346
16
1719
329
139
163
534
362
673
751
61
99
50
2331
641
532
12
90
230
1344
694
11
*doc118:PhunuToday.vn
266
133
529
342
342
2476
230
6902
7
2324
269
1430
47
29
360
37
1171
412
122
20
692
13
47
22
849
383
2204
736
642
169
222
600
262
39
199
86
987
1186
294
455
62
1039
37
113
429
640
3463
1048
3196
59
264
47
370
96
154
1769
1986
337
1983
320
354
2841
824
53
198
370
1367
470
383
3052
1447
1399
*doc120:Món ăn Việt Nam
122
112
10
10
28
61
10
329
275
14
4401
430
135
139
55
243
3
52
618
25
1334
60
137
78
54
1207
894
1050
260
66
101
213
*doc121:YAN Go
26
18
370
129
1412
443
409
16
243
380
199
167
1654
381
34
185
16
281
21
8
1420
1962
168
105
119
660
951
20
1140
118
516
96
38
362
57
4703
872
1594
19
3146
223
591
3485
338
489
368
8
40
1307
106
613
16
511
4
386
1311
213
357
117
97
140
950
24
236
137
249
103
25
92
311
1499
31
1778
167
107
243
67
1317
371
427
135
384
116
24
381
12
311
36
162
10
18
648
179
1410
63
307
19
1443
482
21
15
254
1251
875
306
1022
899
468
83
279
71
570
170
3
220
447
501
244
1504
213
95
1841
1462
145
4
48
187
465
623
59
696
693
19
100
111
692
124
443
397
402
128
31
166
124
672
406
20
40
212
817
22
82
114
213
634
1894
11
763
818
730
15
1349
104
794
1349
218
61
232
22
717
215
211
1200
170
487
1051
736
19
29
134
621
2138
369
1161
12
1829
1621
713
26
1825
259
140
21
2545
1395
155
1201
1737
11
47
1036
3031
16
44
1736
55
234
18
232
72
2307
1530
9
635
33
277
19
1353
*doc123:Goodlife
1210
561
146
850
2501
46
2232
566
1373
291
1155
2810
104
2362
261
5481
342
257
2324
4143
1823
111
3089
2274
540
407
429
9503
15
492
428
593
218
3022
1809
810
1211
5012
1580
5128
13920
866
1927
490
5908
3623
2151
167
899
19533
2792
71
4878
2095
96
151
99
1124
1369
2607
1928
1363
2650
1220
1915
209
766
359
188
6326
600
4514
3544
1527
3220
135
77
5324
748
3191
17
2445
1516
2201
*doc124:Yêu & Sống
78
63
992
5
842
24
7
67
130
23
76
662
646
123
11
11
50
618
11
44
92
33
90
32
109
395
358
69
52
24
171
79
3
96
40
*doc125:Kinh Nghiệm Hay
23
8658
20
674
169
10
124
31
341
221
10
119
104
91
1171
17
39
189
281
556
48
330
23
515
13
195
5
1
186
211
22
197
13
175
289
26
34
9
251
463
482
429
22
22
30
1
516
275
240
13
51
10
141
313
218
158
63
42
262
197
9
75
6
235
381
492
602
25
5
132
248
191
27
101
24
462
451
30
51
47
169
219
44
196
6
88
1320
91
26
25
42
62
872
369
130
36
10
204
348
27
504
27
119
555
122
19
60
502
386
45
48
14
401
256
27
119
121
103
23
22
41
1443
355
37
32
29
61
816
78
180
68
367
331
21
95
21
709
496
25
*doc126:Bongda24h.vn
95
1349
2032
820
120
2496
736
2698
39
3266
3463
919
1648
2725
260
5084
4793
1066
6074
154
903
109
1100
444
10030
769
1000
3500
425
3922
1554
703
1421
1010
4960
444
379
6322
1190
248
158
339
394
91
5194
5203
1229
1110
1142
1162
1360
182
155
547
693
3262
2311
487
728
923
402
186
473
111
1390
2547
172
587
5587
6589
1315
85
1633
906
368
501
831
1599
6219
1372
481
661
846
1545
1256
370
3301
230
5242
4226
1250
2265
1326
880
93
517
4749
1078
170
566
87
1587
1472
1300
970
5973
4780
1026
359
13228
5931
5931
275
2402
4657
602
1341
470
1142
794
1163
149
695
1430
2511
1868
210
96
8374
75
167
304
5616
1059
703
291
3325
629
1057
44
395
10177
9058
1106
2678
219
508
2230
95
1390
5775
408
3765
3060
742
370
4888
1836
2512
9519
1981
2500
1868
1227
243
866
5558
1266
1118
254
1027
2451
1566
96
1693
1071
10034
4839
253
8577
6660
5794
149
14146
887
1334
840
1035
1048
573
66
438
1836
295
431
97
4017
431
993
41
3710
1099
4000
170
347
1054
3299
57
479
1474
409
5051
1224
108
102
852
3914
79
1030
774
11
3008
155
53
57
16
20
18
19
39
16
14
20
25
21
73
21
17
10
26
71
18
20
14
17
21
11
16
120
21
23
8
27
14
17
27
*doc127:Phong Cách Sống
210
356
1537
2021
42
3086
42
8865
48
839
2884
36
65
24
278
170
30
1932
63
36
59
2531
23
7
36
148
54
1013
2319
41
80
180
47
114
53
940
76
5
539
12
771
75
77
83
35
2590
40
37
29
1200
109
32
76
356
34
41
3046
38
66
42
20
201
943
55
77
42
2369
111
13
78
978
25
98
393
47
60
1540
56
90
29
248
50
41
200
335
74
83
47
29
41
435
246
1150
49
36
44
384
29
138
251
31
112
338
37
39
30
220
42
1835
44
215
45
1240
32
32
22
7361
35
198
102
544
2121
89
37
798
34
33
1720
135
195
24
52
2493
31
6799
85
30
38
1573
6
17
2474
32
694
232
1311
30
50
145
8
24
2191
36
43
247
5826
174
36
38
220
50
43
29
214
443
26
42
1217
39
2658
76
35
149
553
36
47
64
115
113
39
1358
43
1353
63
782
29
51
251
75
33
65
32
49
495
45
61
280
174
36
16
39
43
250
32
437
30
53
553
115
234
26
279
44
54
516
50
40
64
3162
53
7210
3782
88
58
1693
77
50
123
35
35
46
41
887
81
35
613
48
28
1292
66
1533
79
51
75
34
218
34
37
318
102
62
66
2040
2386
74
126
57
62
36
290
61
98
53
55
2122
39
32
804
61
198
382
27
363
173
44
169
167
56
294
72
87
78
50
64
39
159
202
33
3853
7647
50
864
94
82
109
41
2918
199
37
202
53
346
565
72
1110
31
52
90
246
44
42
22
35
53
34
*doc128:ZingPlay
794
267
51033
448
233
714
514
218
163
1870
1248
1008
309
276
794
478
1006
301
265
92
162
347
130
177
396
297
534
210
595
8
235
888
*doc129:Duy Khánh Nguyễn
3858
7125
2076
12455
5097
6973
3561
1977
15284
19431
12524
20581
5956
17170
9727
42060
16395
19397
5595
4201
26881
9710
41215
873417
8378
5545
9397
5772
7205
510573
3048
10562
*doc130:Khỏe Và Đẹp
114
1
504
0
5
5
92
4
8
224
3
1
7
392
40
253
14
20
1169
7
22
6
1
3
42
7
13
22
674
7
27
52
1503
197
11
611
4
2903
118
10
84
124
9
4
28
9
6
1
18
1441
1300
275
18
77
718
59
117
20
36
6133
10
39
14
12
10
14
12
5
17
4
293
1
6
1615
23
37
15
9
7
6
7
217
5
8
72
10
12
273
673
10
10
5
19
260
850
1026
11
684
15
1088
157
9
4
2
8
121
23
3
7
2
23
5
1
15
649
0
2
139
12
128
1
3
340
32
66
5593
5
372
180
1539
3
148
10
134
5
1563
102
16
423
0
8
342
14
96
7430
12876
11
114
31
8
140
142
25
1818
561
77
59
8027
14408
20
34
4
9276
4009
208
5742
539
1624
71
1541
122
422
2447
4
1200
3
2409
551
10
9
43
1109
7272
1
15
673
4
*doc131:Dulich.Me - Tôi mê du lịch
29
1986
1009
365
716
1136
1750
40
1016
147
1804
227
636
282
289
617
1375
406
44
97
1343
267
148
22
1325
243
79
55
1197
563
215
97
824
189
935
1064
570
1846
202
772
2413
169
1311
167
325
827
3116
272
2250
194
517
260
1270
1669
330
193
592
1450
1269
767
805
339
337
83
245
89
576
111
923
1663
48
608
108
924
1669
246
669
190
127
82
426
83
1115
422
115
247
131
352
37
171
366
2525
1053
174
4210
2120
210
102
103
588
265
2233
616
323
2269
692
185
976
431
286
113
86
952
285
392
130
1378
180
100
1328
211
206
307
1029
223
129
981
120
44
556
1661
609
345
271
*doc132:Lặng +
1081
43
39
20
38
24
23
126
3200
27
43
2536
124
54
62
27
203
897
21
314
3143
220
258
668
94
533
85
211
263
50
61
1688
40
907
591
806
*doc133:POPS Music
69
355
20
504
265
2074
564
2068
2643
106
578
411
2584
38
92
61
119
68
115
51
45
2359
43
539
147
105
687
3573
4695
299
116
162
121
115
6276
991
3967
1260
47
68
45
107
856
1545
275
445
185
60
136
31
116
160
38
90
1781
40
72
1235
67
1554
423
4420
13
4211
2319
3676
10226
11506
151
18
473
344
1178
581
1015
147
51
312
90
1042
86
2326
257
162
5920
6371
94
2587
37
22
326
23
575
31
3668
72
1166
129
1777
366
91
30
58
57
1054
6766
1655
247
1074
27
2956
31
16236
33
1375
210
650
2096
1569
84
41
7647
67
5252
39
213
542
4150
99
616
1260
208
44
633
577
70
30
1687
22
50
140
4210
1111
17299
3213
272
5368
81
1072
442
3207
18
932
64
1993
2932
160
98
442
92
3289
90
2869
825
341
6429
61
384
2220
2943
62
1359
1253
2793
4782
836
515
855
1514
483
2887
955
87
182
168
573
116
76
82
255
2020
117
1448
18017
1305
2277
538
1111
2153
95
7798
307
655
47
4319
*doc134:Buồn +,C r y M o o d
535
137
2140
1608
2022
1779
1301
1901
2782
2223
4178
3487
3895
6405
1736
53403
1052
1372
5127
2056
279
545
4903
634
1324
692
1788
1329
1038
4694
505
572
1779
554
1570
5046
3907
758
772
1568
1174
4529
1981
1293
4219
1601
3641
1290
577
1278
5545
4252
790
4086
942
1182
2114
1211
2579
1232
605
2097
782
5450
458
731
1688
1071
1466
1836
5769
4938
1165
656
914
6101
413
1727
3068
*doc135:Bóng đá 24h
451
493
23
65
109
30
61
384
59
277
658
107
576
515
552
82
950
754
664
55
327
641
6199
1737
90
1153
882
839
35
80
71
2559
420
61
2494
121
688
294
925
234
138
1260
718
620
587
269
795
645
928
5102
196
1036
1027
2143
113
1047
790
273
169
316
259
389
51
872
593
1096
127
4060
131
4543
338
599
668
86
885
216
521
297
269
217
96
328
92
876
1047
1548
156
697
838
3163
502
703
120
581
391
61
318
174
406
708
68
1233
693
965
3274
880
696
43
263
765
554
820
419
69
1593
1692
1861
723
464
96
1260
424
2677
198
327
2256
791
469
579
194
68
2996
915
1904
153
862
833
101
302
195
969
1106
7007
1125
1072
89
1568
1598
1421
528
775
4408
201
243
1945
5372
1060
683
2677
682
256
537
486
646
581
741
797
1111
1008
718
781
100
7775
82
1237
2321
2882
84
134
1248
615
123
180
200
1159
72
2477
4461
177
62
96
10936
3300
1895
1172
795
753
1169
1863
615
2704
1485
1610
3491
1262
49
2070
145
2266
575
843
58
515
106
829
205
9174
80
83
707
1448
2823
1644
414
1615
163
696
1707
1457
358
730
362
3096
1163
1858
618
2298
729
754
864
3222
2038
622
83
43
2532
594
1505
408
104
2638
2839
1003
872
767
1459
602
415
130
1774
749
2519
704
3474
1187
372
1735
1061
2448
1164
1883
643
1420
776
70
2104
1013
848
3575
103
285
1339
1377
937
5139
782
1591
2593
1557
690
1430
710
568
938
4946
180
1247
1066
2596
1426
7442
137
2638
3442
227
90
6063
771
3477
87
218
146
5844
1903
2796
10016
2239
4671
86
2797
630
1382
2001
656
781
987
2136
498
827
580
207
3665
2353
67
130
1704
1131
334
1093
672
2080
307
838
957
31
286
188
1767
1552
2241
875
1949
289
418
943
341
237
349
327
666
855
573
4112
430
316
634
191
359
623
370
2305
414
1215
346
2170
73
210
340
732
480
91
1117
2163
890
632
697
1598
349
274
740
201
674
235
320
36
915
407
500
1124
517
810
576
31
778
101
139
64
163
30
1048
1149
236
172
167
248
158
84
773
186
482
704
48
248
570
379
47
39
962
43
369
193
122
518
801
485
75
273
56
864
150
402
532
236
519
158
1644
454
576
620
269
502
96
3300
753
3491
1262
2070
575
1163
2532
130
704
2239
630
781
3665
2353
1704
672
188
*doc136:Hội hóng hớt đốt nhà hàng xóm
1001
165
872
2206
995
1667
2129
433
927
1535
651
2774
1346
507
1509
519
1857
1702
663
603
915
1603
1375
1335
618
200
230
1219
2410
286
544
2727
200
160
2624
400
1507
251
275
3287
154
1417
283
353
1315
594
875
643
1144
1992
2927
2006
926
1020
476
1828
1105
1898
1246
2694
494
867
1590
1219
227
237
*doc137:Bà Già Kêu Ca
13102
*doc138:Keeng.vn
0
0
0
0
0
8
1
1
1
0
0
15
14
7
21
558
5
6
66
8
262
6
19
11
5
19
5
14
6
8
5
27
6
13
8
6
6
8
62
5
6
15
5
4
3
8
280
75
6
2
7
11
19
151
8
16
6
9
60
5
46
5
24
37
10
19
9
6
254
7
28
13
13
7
291
5
5
6
25
5
573
15
17
5
5
32
29
18
3
5
9
17
4
18
22
13
5
9
12
15
10
5
11
43
19
191
44
25
25
16
14
34
15
0
7
3
32
12
5
45
187
34
25
44
17
25
7
19
5
7
47
9
9
8
37
160
3
8
99
6
9
7
10
9
7
80
10
5
7
8
8
24
172
53
24
11
49
5
10
381
12
24
7
627
5
8
8
16
1815
15
36
12
10
14
68
38
9
10
28
8
25
239
19
609
292
141
48
7
24
167
29
17
17
41
9
47
17
551
138
38
18
300
160
229
399
15
87
12
41
9
24
76
10
2
148
110
20
24
146636
56
19
343
1465
9
6
9
19
22
253
9
12
6
10
15
55
6
8
501
9
11
9
5
8
*doc139:VFootball
12
146
101
30
916
549
70
1030
304
2369
62
218
397
1705
1006
521
3235
3013
240
219
65
973
113
28
1514
4433
483
627
1154
121
216
423
3405
436
134
1218
541
1830
42
6132
116
89
883
288
3449
462
336
334
612
492
1035
1386
307
1032
785
53
435
71
104
67
319
368
142
104
2233
4000
1127
399
1846
250
780
44
48
57
473
23
463
12
805
2142
996
2641
812
1259
381
52
3355
92
1003
2215
1148
1014
228
1987
5223
3366
1923
725
761
1729
63
4796
286
1045
716
26
937
57
38
85
483
14
574
1388
22
237
7
94
516
113
4429
1129
1357
91
164
576
100
1867
180
274
261
85
1372
35
1433
104
553
38
2727
716
65
1527
12104
46
589
3624
2275
53
7172
82
101
104
20
1381
134
73
532
171
104
15
150
819
737
119
321
514
80
645
1042
211
730
1720
3465
153
21
416
718
139
904
51
2877
79
1100
764
429
803
221
434
24
583
18
1900
1233
1025
1024
541
1018
1214
152
751
6824
517
429
937
48
1627
2483
274
5666
16
2102
22
815
936
65
42
13
1860
47
733
49
44
28
678
5515
1872
969
82
1790
2235
330
16
571
14
22
208
118
22140
132
490
9
30
11
14
452
800
24
141
144
228
692
46
12
4161
173
60
611
594
20
429
761
75
37
9
371
180
377
379
157
3426
804
352
21
434
133
48
461
4039
151
178
1563
15
212
1386
577
22
666
369
423
671
699
344
699
18
804
25
209
137
346
87
522
3235
3013
627
216
1218
541
1830
6132
334
435
368
1127
1259
3355
1388
516
261
1433
1381
737
730
416
718
904
1900
452
804
112
*doc140:Hay.tv - Hội Mê Phim Hàn
13
747
85
19
853
3
7
4
8
197
4
8
17
1888
3
3
10
9
35
1
21
12
928
35
72
29
4013
6
9
10
0
68
8
4
4
6
2
4
11
351
28
12
15
6
11
22
8
1
0
7
14
8
11
14
13
440
212
5
15
288
11
1
14
4
21
174
2
18
10
15
16
914
38
1800
7
7
60
21
8
20
6
5
11
4
8
13
132
30
5
8
155
5
13
17
4
19
1684
5
148
6
5
29
15
8
252
4
14
47
15
156
4
191
12
10
642
2
855
3
585
1308
16
8
9
257
5
12
2
21
20
41
3
16
23
4
87
36
59
233
11
8
8
31
156
18
1
19
5
18
3
1790
5
25
8
146
2
15
328
8
312
35
720
10
79
3
88
8
148
9
31
21
5
14
1
288
4
20
12
35
11
17
8
10
10
464
13
38
100
14
4
20
6
271
9
8
234
68
18
6
400
7
4
16
106
9
11
6
678
7
10
302
25
9
19
2
8
1986
17
72
4
622
28
11
10
275
9
440
3
28
4
5
300
2
11
49
2
2
4
7
9
1
1
854
9
1
6
44
7
8
1153
4
3
271
27
28
10
11
6
100
10
2
3
242
12
8
17
7
5
2
3
5
10
7
3
0
6
4
72
2
165
513
8
679
7
10
4
77
5
15
7
20
14
5
59
20
4
19
983
25
690
503
66
109
26
675
59
658
803
23
268
178
304
96
2442
904
152
59
402
126
197
1306
85
4
8
17
12
7
14
5
18
20
5
15
4
3
2
312
68
9
49
854
1
44
7
983
23
35
8
*doc142:Kênh Phụ Nữ
270
122
57
44
56
2735
432
167
61
147
71
3
532
68
118
375
602
613
9
726
43
1
81
96
64
134
1294
52
295
51
1423
38
48
44
49
630
45
635
537
841
1006
57
67
36
579
907
147
41
143
471
672
44
402
251
155
419
48
321
60
723
1792
329
142
49
124
1360
3
33
2419
551
51
1679
262
369
31
871
443
30
806
791
*doc144:Có Thể Bạn Chưa Biết
472
507
1335
240
87
2032
483
200
327
1072
91
435
796
175
690
142
186
171
33
1361
135
1804
101
1290
174
98
197
1853
265
373
141
204
187
188
390
681
189
1221
123
217
412
76
247
431
262
315
1718
383
1563
354
172
708
549
899
3117
2871
180
247
224
348
255
339
565
513
566
7946
321
240
605
38
681
1121
451
41
121
538
273
711
6452
532
321
571
64
1451
64
454
497
1275
251
728
240
519
474
200
394
203
385
229
697
492
214
192
176
276
542
2024
108
320
1058
249
221
915
2641
791
392
73
204
121
324
92
323
32
915
169
4598
727
570
358
556
288
1166
551
850
719
4325
567
198
912
581
345
472
1286
2756
622
401
223
3035
3191
1336
1120
355
883
373
1048
936
3447
963
340
705
909
1766
708
223
1142
106
397
3774
57
698
425
744
853
242
213
785
*doc145:RioX,RioX Gaming
59
22198
10768
3948
5588
5655
1602
5528
8361
5117
2663
955
20185
14137
4852
5779
8165
3888
4649
465
745
1826
2306
2676
1675
215
7321
7071
2343
4787
1067
7946
18119
71298
10423
42594
10617
10876
2075
1792
8423
9096
1071
8215
1375
5447
1387
2537
13059
1561
730
4494
*doc146:HayKing
945
1155
1030
1015
928
1023
1277
923
1625
0
1069
20
177
1244
319
210
70
10
30
60
225
10
135
*doc147:Ngôi Sao Thời Trang 360Mobi
159
129
546
974
231
400
187
218
174
626
1490
319
199
2293
6155
393
413
260
230
188
735
2050
956
384
259
1708
204
554
861
246
225
161
412
498
272
781
525
739
249
527
199
222
251
176
448
1533
841
468
272
421
242
180
209
176
115
649
651
268
311
178
200
605
200
232
160
1111
2096
414
413
248
173
424
1337
257
4607
180
3998
168
158
624
249
553
172
201
170
223
226
782
668
283
318
154
306
420
193
158
660
205
571
501
341
193
527
257
433
344
229
187
404
307
467
487
866
431
301
192
189
247
205
220
1176
361
1148
258
494
514
196
489
152
262
262
178
934
467
592
274
497
200
578
269
1100
225
305
412
689
187
582
201
274
229
563
213
581
720
1255
1890
217
272
196
554
600
356
5383
276
732
213
274
899
229
257
1234
522
2430
353
1279
2075
552
1123
646
341
221
424
1997
554
3859
3322
384
888
705
1581
434
3102
410
844
1658
2415
6246
2562
326
4247
326
3781
4889
5062
6137
9117
317
293
4676
7003
399
281
219
558
698
403
638
348
202
167
446
653
354
337
261
159
517
499
389
688
385
231
239
231
545
327
545
256
160
134
428
*doc148:Chuyện Thằng F.A
23998
*doc149:Thôn Nữ
2954
670
802
655
11844
8241
6771
14986
1690
18973
3157
3326
3976
2845
2105
1974
9390
1048
4708
3681
867
5353
10888
1533
10035
2191
40711
1702
13639
3455
5703
15795
25895
56117
4185
4763
4869
2659
11161
17769
2454
27549
3085
2361
5187
1402
3644
2063
14501
20840
1299
13015
15483
2611
3329
3735
2895
2648
2197
24344
6746
3859
13796
3075
15289
7852
7834
3965
5743
4243
1426
12877
2375
4213
3243
24069
2311
2657
3361
13669
12684
2818
6758
8190
3855
2619
2174
3619
2318
1993
17645
5893
2237
5137
2104
25449
1283
8981
22924
6094
16094
16230
2156
13127
3022
5248
16522
2534
3013
6242
2493
7087
6560
5305
1963
9359
29993
1211
5287
8965
10704
4009
1938
2833
3549
1314
9382
5657
9951
14879
7721
6504
2572
3566
5035
3322
8603
8469
12282
4664
4551
24217
12657
4385
*doc151:Hội những người thích ngắm gái Tây
7602
14453
5924
6623
15506
6076
8333
14792
5298
19873
12645
11684
4474
8654
3483
3842
7450
4431
3364
10228
14428
18002
3814
7435
9381
7544
3080
3702
12498
*doc152:Kênh Chó Mèo
244
1133
490
498
1178
951
288
177
503
231
1820
1124
1564
1124
2541
4696
2414
371
1520
128
1324
617
437
211
10321
134
4539
335
432
8298
901
243
3845
307
6941
9787
2328
4793
1040
5004
5101
3130
38
3142
1624
8610
290
3753
370
