*doc0:YAN News
1970
517
76
626
931
912
1076
436
601
797
242
908
797
584
927
584
1105
536
691
1053
304
311
751
548
140
853
384
2706
283
254
2657
12109
3427
3719
3436
384
791
384
2250
470
647
205
1275
1048
1369
11105
752
162
2653
1396
237
368
215
825
1032
547
482
1469
*doc1:Đại Kỷ Nguyên
7
97
8
250
60
47
31
40
54
133
548
29
52
170
36
66
246
1723
122
137
1094
349
66
29
18
57
908
72
78
97
438
8320
36
44
53
1078
601
166
401
760
129
41
324
120
1559
25
175
1116
1385
112
1957
27
102
174
558
27
290
26
35
236
633
277
155
67
48
599
162
1659
86
287
201
699
474
336
172
49
2059
99
1998
221
72
92
102
400
73
49
96
240
283
107
55
213
52
102
115
70
60
42
188
68
92
72
25
569
325
128
113
708
223
407
79
29
393
5057
192
249
117
656
226
182
387
733
191
67
484
4782
66
215
921
514
162
66
155
79
60
212
232
159
468
331
36
92
265
246
343
1477
30
2571
10942
64
2768
144
626
838
12719
181
35
75
8451
235
190
134
835
2784
40
1258
72
82
1088
46
92
63
89
14
61
1266
146
115
122
129
72
112
158
36
1301
120
74
125
173
29
52
1173
106
1049
65
119
952
117
303
336
316
40
719
514
686
80
1160
2413
271
1382
94
1053
60
1925
109
352
3310
104
2966
811
2475
2647
92
898
129
129
191
1214
196
64
1961
263
1601
321
699
103
287
883
103
443
39
82
357
339
208
3818
220
156
705
194
1132
837
270
270
197
51
198
255
129
214
107
87
115
266
101
953
134
359
2277
222
75
75
851
52
59
57
267
323
63
1242
300
118
494
352
37
189
57
1053
28
578
32
3464
77
57
432
309
852
852
375
77
358
36
818
909
27
211
1638
344
168
230
399
376
270
8496
5457
355
81
36
71
368
157
237
123
436
81
211
279
690
49
248
148
156
3610
1263
28
1362
81
164
36
198
1117
68
284
69
90
76
98
2046
295
126
86
163
3327
921
76
810
374
200
82
59
127
92
115
180
8261
1069
155
107
7290
81
459
699
58
80
1215
232
1128
253
1996
338
18382
4235
149
240
123
477
57
177
186
320
263
47
126
64
511
150
529
221
139
168
81
15539
1747
92
257
1198
65
127
1527
166
62
138
69
100
267
459
303
53
1066
178
41
266
251
335
80
791
766
106
195
1358
226
369
120
2316
169
171
544
569
232
280
1078
152
106
283
165
477
1057
282
527
539
1005
1487
657
470
1243
909
1199
791
1078
740
857
806
822
884
652
8974
577
15046
519
768
25656
11059
12300
710
609
*doc2:YAN TV
59
248
211
399
457
303
125
291
771
25301
101
226
132
118
721
181
184
395
800
1912
241
243
1024
706
564
710
4678
709
1017
401
5433
240
283
335
331
1842
34805
456
1211
1114
431
6596
6203
5483
3528
2312
491
2193
2251
111
2458
5326
833
961
4243
1081
806
534
390
135
2754
2414
158
1720
222
422
140
560
991
106
272
238
130
1087
2483
29340
371
1659
3657
1473
1430
2896
3923
193
303
251
11105
325
14099
592
5750
6241
4812
8729
10654
1460
1729
21405
462
7444
3068
722
1072
521
150
619
1786
211
519
12240
377
82464
351
3165
107
668
118
997
6763
441
564
8693
1911
498
4154
9828
282
629
1489
1945
6739
498
1835
1269
6977
15019
1493
11453
1345
1063
39153
2421
491
24707
1168
624
930
17402
589
240
3056
1407
536
3988
280
1365
588
408
373
138
98
381
1418
1824
1465
981
5808
1818
639
12096
9172
1936
4872
17180
2889
613
581
668
476
550
6926
472
722
627
4995
643
126
296
1869
250
431
725
1927
480
211
4410
408
12659
732
795
6029
597
344
560
1980
403
27779
1695
1087
570
212
2339
426
417
554
3042
94
6214
2268
489
309
2539
220
641
130
3024
23415
342
145
41
1166
283
124
2647
179
8713
508
1007
454
779
1087
1072
708
268
1363
6873
768
1468
676
407
2193
465
49
422
2348
1033
365
76
100
98
3718
233
4595
4641
206
218
2632
805
239
80
1906
86
2184
1270
103
833
3658
31
459
789
837
548
7951
1176
1607
5634
1241
1576
2453
1185
323
1753
480
1289
303
2060
131
169
118
583
288
16225
1568
542
17285
778
410
408
441
441
3925
418
10063
19735
1096
22195
259
218
232
3112
8234
6424
1411
325
360
990
13153
823
13684
1078
1515
18457
820
276
6646
2397
9786
4605
3962
28159
375
1392
105
639
344
179
86
31
169
108
396
113
444
125
499
1211
428
*doc3:YAN News
198
345
177
367
4635
672
85
701
1098
1015
1150
468
627
845
255
933
831
600
989
590
1105
543
710
1066
305
313
757
550
140
865
393
2742
285
255
2766
12317
3436
3719
3539
387
798
391
2253
470
648
212
1280
1051
1369
11241
766
162
2656
1396
237
371
215
836
1033
548
482
1469
649
1566
1173
*doc4:Đại Kỷ Nguyên
24
31
33
81
20
57
349
16
563
132
54
35
47
59
145
729
33
57
176
41
70
264
2030
138
144
1182
374
68
30
19
58
1018
77
86
107
455
8898
36
45
53
1178
622
175
425
791
133
42
341
131
1612
25
25
178
1138
1409
117
2187
27
103
178
567
27
295
26
38
244
662
287
155
67
49
611
168
1665
87
294
205
703
486
344
175
51
2159
100
2001
222
72
95
103
407
74
51
98
242
285
110
55
216
52
102
115
71
60
42
188
68
92
72
25
581
329
131
115
708
224
408
80
29
398
5057
194
250
117
662
228
182
387
738
195
67
493
4897
66
215
925
519
162
66
155
80
60
212
233
159
475
331
36
92
265
246
343
1481
30
2571
10963
64
2768
145
634
838
12973
181
35
75
8554
235
191
134
838
2790
40
1259
73
82
1098
46
92
63
89
14
61
1267
146
116
122
129
72
112
158
36
1304
120
74
125
173
29
52
1180
106
1077
65
119
955
117
303
337
316
40
719
514
686
80
1160
2422
272
1382
94
1054
60
1943
109
352
3310
105
2966
815
2478
2647
92
901
129
129
192
1214
196
64
1961
263
1604
321
699
104
287
883
103
443
39
82
357
342
209
3824
220
156
706
194
1134
839
270
270
197
51
198
255
129
214
107
87
115
266
266
101
953
134
359
2277
222
75
851
52
59
57
267
323
63
1243
300
118
494
355
37
189
57
1053
28
578
32
3564
77
57
432
309
853
375
77
358
36
818
909
27
211
1638
344
168
230
403
376
270
8496
5460
356
81
36
71
368
158
237
123
436
81
211
280
690
49
248
148
156
3616
1263
28
1362
81
164
36
198
1117
68
285
69
90
76
98
2046
295
126
86
163
3327
928
77
810
374
200
82
59
127
92
115
180
8261
1069
155
107
7290
81
459
699
58
80
1215
232
1129
253
1996
338
18391
4235
148
240
123
477
57
177
186
320
263
47
126
64
511
150
530
221
139
168
81
15539
1747
92
257
1199
65
127
1528
166
62
138
69
100
267
463
303
53
1067
178
41
266
252
335
80
791
769
106
195
1358
226
370
120
2316
169
171
545
569
232
280
1078
152
106
283
165
477
667
477
1243
909
1199
791
1078
740
857
806
822
884
656
8974
577
15046
519
768
25656
11059
12300
710
609
*doc5:YAN TV
132
110
334
250
425
481
318
130
307
789
27985
109
233
147
120
750
182
188
408
832
1915
243
245
1032
708
567
733
4878
712
1023
404
5439
240
284
337
334
1842
35886
466
1211
1118
432
6796
6209
5495
3531
2412
492
2193
2454
112
2458
5332
836
962
4246
1082
807
533
390
135
2957
2414
158
1720
222
140
426
560
992
106
279
238
130
1087
2483
29364
371
1659
3657
1473
1430
2996
4026
194
303
251
11108
325
14102
593
5850
6244
4812
8729
10657
1460
1729
21411
462
7647
3068
721
1072
521
150
619
1786
211
520
12240
377
82482
351
3165
108
670
118
1008
6863
441
564
8793
2017
498
4154
9837
282
629
1489
1945
6839
498
1835
1269
6977
15019
1493
11453
1347
1063
39153
2421
492
24942
1168
624
930
17402
589
240
3056
1407
545
3988
280
1365
588
408
373
138
98
381
1418
1824
1465
981
5808
1818
639
12096
9172
2036
4875
17180
2889
613
581
668
477
550
6926
472
722
628
4998
643
126
296
1869
250
431
725
1927
480
211
4410
408
12659
732
795
6029
597
344
561
1980
403
27779
1695
1087
572
212
2339
426
417
554
3042
94
6214
2268
492
309
2539
220
641
130
3024
23415
342
145
41
1166
283
124
2647
179
8713
508
1007
454
780
1087
1072
708
268
1363
6873
768
1468
676
407
2193
465
49
422
2348
1034
365
76
100
98
3718
233
4595
4641
206
218
2632
805
239
80
1906
86
2184
1270
103
833
3658
31
459
790
837
548
7951
1176
1607
5634
1241
1576
2453
1186
323
1753
487
1289
304
2060
131
170
118
583
288
16225
1568
542
17285
778
410
408
441
3928
418
10063
19735
1096
22195
259
218
232
3112
8340
6424
1414
325
360
991
13153
823
13684
1078
1515
18457
820
276
6646
2397
9786
4608
3962
28159
375
1392
109
639
344
179
86
31
170
108
396
113
444
125
499
1211
428
975
*doc6:Yeah1 TV
0
52
19
56
47
698
295
223
353
253
186
29
563
311
99
204
54
2251
4304
259
138
93
231
48
60
174
394
1281
318
56
19
60
92
82
16
174
1036
90
947
18
279
332
507
107
1447
322
332
51
1032
834
1009
658
121
17
3171
3734
112
48127
477
5434
251
134
15345
289
298
113
1018
127
258
182
1230
625
236
626
1131
5047
259
116
412
1127
1106
2039
236
192
581
3318
2867
428
78
291
684
859
402
47
745
2027
1033
2690
69
1036
136
1610
331
212
309
45
4253
2008
4386
450
284
188
925
191
155
843
231
144
596
219
3504
1529
337
2748
567
9996
1592
182
1920
769
3382
3653
878
173
400
242
315
61
326
28065
15150
80
238
2911
96
782
380
17
255
11054
458
138
158
575
9827
30900
52
8664
61
59
10044
349
19
125
12318
770
12
357
581
111
201
25
66
6159
246
53
22
72
17
7699
220
5015
17
27
84
2054
5603
54
40
12368
1015
72
25353
7651
43
15676
1203
4684
158
7
822
12
133
2057
10102
357
16
3163
40
1706
1009
10130
33
2059
405
131
44
67
129
2290
226
12309
27
111
1165
77
81
215
1518
36
703
43
114
321
108
517
290
162
153
152
92
451
8482
2677
141
17066
277
344
20
90
4411
9705
1179
972
3048
1005
943
56
1427
282
13164
1600
34
427
27
113
638
644
253
97
337
3672
107
329
310
269
902
31
85
32
241
35
5094
23274
57
88
1251
309
5712
95
44
1960
470
133
125
2457
497
460
316
71
25
915
339
40
39
827
2880
1106
23624
63
633
125
221
2359
55
411
244
2501
1480
229
362
78
1018
251
26
4533
473
1015
99
5963
736
156
383
371
44058
398
2820
441
552
835
201
2241
4615
47
302
225
174
889
110
5439
82
3382
8661
10044
84
405
36
63
5963
938
73
1732
7918
99
6164
1069
*doc7:Đại Kỷ Nguyên - News
4
28
19
444
88
25
19
77
13
28
53
23
43
15
23
180
12
103
32
28
45
13
8
46
10
109
15
109
12
68
306
3467
63
67
753
465
24
12
11
40
48
28
39
113
782
2819
16
10
44
916
910
50
304
854
191
20
189
105
2334
15
70
590
77
69
21
223
33
275
513
14
48
5
31
61
71
78
261
35
34
609
151
2519
80
379
112
1002
227
408
155
31
1569
90
758
91
60
58
83
162
69
31
73
33
262
89
22
317
82
57
56
39
24
38
321
29
103
69
35
1370
36
32
39
234
228
140
163
25
572
4157
200
207
84
423
167
200
230
594
64
52
280
15
175
296
411
141
36
139
91
20
274
187
383
223
396
78
33
30
92
186
301
1576
15
1264
2667
1096
38
74
38
1945
582
391
17
43
2456
145
177
125
583
421
29
1462
60
118
33
51
34
42
24
9
36
949
251
71
73
74
26
94
79
23
175
429
25
44
48
8
15
2026
88
394
20
115
2558
42
239
32
54
14
267
752
755
222
1748
69
229
1378
49
1572
16
112
44
49
131
136
1789
1072
153
1481
54
1670
114
125
174
781
153
31
1108
187
2336
179
469
25
198
1106
147
336
30
15
372
335
112
81
61
507
29
1101
355
142
141
175
55
93
164
92
55
45
65
36
127
38
321
54
203
3982
158
51
956
67
18
36
180
180
173
34
1125
549
44
264
85
27
135
353
26
1461
43
528
13
47
70
495
172
683
200
76
299
51
1718
507
13
191
1862
168
125
210
447
637
83
2501
298
33
49
21
31
243
115
303
47
153
144
31
75
164
18
82
76
90
224
55
24
1370
43
141
23
200
225
14
153
39
38
34
45
126
162
130
62
56
2166
57
39
826
213
101
24
39
61
112
43
57
2461
643
75
106
24150
68
252
782
24
41
1637
184
1280
94
2455
185
4567
3549
51
258
134
167
19
283
41
274
244
18
115
65
562
45
302
148
93
233
51
11758
1075
34
165
42
91
1441
125
94
63
65
70
106
117
171
29
729
95
263
36
58
50
89
169
52
54
62
264
60
73
57
252
183
698
102
188
166
227
423
396
353
507
698
475
728
469
467
623
437
478
5957
1651
6851
508
379
886
*doc8:Kenh14.vn
414
918
548
848
1000
487
781
337
15921
2486
1979
1769
6247
11023
99
954
899
193
1739
91
1059
629
4411
1022
279
1711
567
6844
3181
4679
4113
997
2589
1519
750
121
2005
1381
4588
6824
234
6637
35492
835
1052
652
3691
21831
40170
1214
1834
2056
13268
1668
1284
325
6545
375
2604
49972
8378
913
302
1807
1357
956
13269
1116
473
892
2790
1458
760
212
271
127
897
474
625
449
1375
390
2026
613
187
2706
571
2348
1295
12069
6594
1825
5022
17
28466
2253
1698
1487
8088
453
12687
451
775
1696
1266
922
3729
1575
7136
4496
5355
135
1798
517
25966
635
1336
288
848
821
2419
1027
1733
374
11969
5789
519
1472
639
1133
1452
884
7657
1035
15038
433
3050
1272
7193
1048
20669
2859
2235
13668
1053
19006
1531
530
222
1026
450
729
46782
385
3001
334
1284
989
1501
412
1413
850
197
719
2020
339
229
523
598
438
1130
1987
604
881
30921
1886
1372
980
303
111
4878
269
289
1630
2328
780
765
385
1022
4316
4397
6149
1377
987
19892
4231
158
1290
7529
777
1045
812
843
2532
183
809
97
789
33
1091
1081
1315
624
65
997
77006
1869
10200
708
2483
28592
55474
5
882
12107
1472
49861
1235
3325
1230
1707
4423
618
3665
10759
3009
1091
69
615
4145
555
456
1419
347
30664
2639
377
602
105
3535
234
44
1904
5480
1198
36
867
846
514
2205
2657
2146
3084
177
398
6925
1048
991
14223
945
1016
6345
55728
706
127
472
7618
2420
5133
2762
7731
5377
16652
1161
33202
3110
759
14659
70
1227
318
1651
1651
402
346
1245
970
106
404
113
134
505
18
106
5910
703
3163
896
4500
968
3004
10092
436
863
734
1775
4118
378
1664
4954
2553
1292
2180
2212
394
3275
2046
2391
1793
712
18938
4360
10957
7865
1551
570
612
690
5528
1545
1421
28
216
3350
553
31
107
574
1206
6368
940
548
5080
2132
4381
7375
797
5454
944
407
435
4424
4000
7531
457
393
3230
1047
4269
21392
198
10354
32261
320
376
380
775
261
1532
223
637
387
653
2610
850
3664
209
26
3674
628
290
142
418
2933
378
855
35409
189
2582
959
17462
7166
2636
85
1800
1640
53037
1100
1802
2368
933
93
1753
21131
1497
495
299
11290
1955
1353
626
2453
49887
313
1911
669
259
295
309
952
461
571
749
9149
1557
416
2445
731
3419
519
6626
3464
1151
425
3426
2369
13
1030
3088
165
1357
4514
4588
6824
6637
3691
6545
473
12069
5022
8088
3729
7136
135
25966
3001
1372
111
734
7531
3230
6626
2284
2906
6235
2636
2927
4399
5720
1211
18741
5420
4088
11233
9906
4611
*doc9:Vie Channel - HTV2
5
19
21
43
36
31
87
6
41
190
542
81
72
32
60
1784
35
18
833
37
146
14
93
25
42
1433
173
1366
31
42
18
60
44
2156
440
93
32
16
304
44
31
42
41
597
6353
292
686
137
295
193
588
43
124
425
23
15
1019
81
151
26
58
90
1375
21
88
65
24
107
171
1134
60
55
22
35
16
20
26
36
56
15
4082
40
66
17
892
51
64
37
93
81
36
66
76
10
417
1980
51
2054
77
346
42
27
87
15
89
89
19
139
944
57
1290
51
44
30
63
61
27
144
34
62
54
31
95
332
19
158
94
2362
33
24
49
1342
69
52
63
195
104
645
46
13
230
90
1559
953
133
62
79
52
50
44
54
58
829
437
92
24
15713
63
56
76
203
553
392
121
157
95
51
62
60
125
66
98
38
17
874
81
191
936
286
102
152
278
68
197
64
143
27
76
1828
27
39
53
151
25
34
51
32
80
27
16
1254
75
17
52
207
24
12
71
19
51
36
1330
92
35
66
32
67
104
35
449
54
155
59
14
351
48
1269
1757
147
494
45
124
63
110
388
63
73
19
54
32
363
2696
76
1472
37
51
38
151
26
59
198
69
25
27
25
154
92
56
14
2868
102
259
33
4938
69
301
32
94
524
36
117
304
55
13
83
24
445
26
56
56
1030
167
156
152
612
14
297
12944
85
494
39
18
1059
392
16
48
63
374
125
38
121
42
128
52
75
558
4129
48
143
173
22
1599
106
116
60
116
69
1602
377
68
157
103
76
136
133
99
36
14
16
597
1375
417
553
1828
374
1602
*doc10:VnExpress.net
13
65
53
50
58
355
82
21
16
20
50
13
10
1725
17
48
112
132
421
20
9
12
87
1098
99
66
30
33
36
40
281
7
65
45
245
8
315
1271
356
879
64
26
26
212
150
74
11
135
39
1028
38
25
678
30
35
331
1841
35
959
543
19
26
689
207
72
145
4571
72
7
205
57
88
33
47
3
31
103
958
157
428
38
35
14
19
1466
168
417
21
31
27
171
63
105
256
153
44
80
1033
232
79
209
122
1173
240
814
35
49
43
119
11
346
690
369
101
35
15
30
983
128
240
62
318
20
39
92
70
22
147
53
67
103
9
53
10
17
29
23
96
46
65
98
52
30
71
488
11
12
66
22
131
131
58
250
55
694
67
280
139
258
62
1417
63
59
86
24
42
46
26
190
135
121
225
20
1372
98
408
651
97
58
24
319
90
12
416
43
116
558
41
51
169
30
20
187
50
178
23
151
495
513
13
99
22
26
153
221
1755
107
31
664
61
14
170
9
52
64
63
39
326
68
19
139
14089
25
73
1200
72
3
27
53
124
878
169
100
35
72
144
43
216
98
311
75
165
21
543
56
36
29
339
197
14
140
56
21
16
85
28
955
86
41
1122
22
16
23
84
260
76
33
143
2027
52
16
24
23
157
4
70
98
18
18
154
11
27
31
48
131
30
90
187
100
97
192
230
276
76
134
135
14
80
62
81
47
34
24
84
23
18
59
15
629
42
326
146
450
14
19
174
332
76
51
16
53
4
16
1387
104
427
20
14
5
100
907
828
32
30
4192
27
38
93
930
33
167
221
613
54
52
59
16
87
50
36
21
48
27
29
738
3
16
321
31
21
934
241
117
243
337
69
71
475
602
375
38
19723
414
1372
79
395
22
56
13
243
213
56
2087
44
29
27512
291
6
18
2515
715
24
90
2403
1406
103
573
1268
279
193
403
399
24
397
28
3
41
584
10
100
6
259
11
1600
11
30942
15
5409
137
26
96
13
71
34
55
90
206
11
34
478
150
16
300
53
138
9
1987
108
538
23
978
30
108
431
32
973
318
2789
202
2700
47
420
41
1331
35
2810
9
90
18
713
15
2733
6925
30
42
544
29007
18
133
1624
58
12
41
158
450
2515
38
34
15
934
15
26
981
*doc11:Man TV
8
220
108
97
456
130
1276
151
265
137
13588
164
2866
1190
12890
16682
2247
1638
108
1370
2323
766
2547
65
393
1108
89
31
93
263
125
2400
2442
3936
2254
3581
3531
208
165
189
149
156
155
106
208
166
450
93
1046
189
192
165
318
189
381
395
200
465
3929
392
1474
1151
3026
6506
1508
1158
2463
27
4430
2386
1854
6267
3624
698
69
965
818
4023
88
21178
1739
12374
72
336
570
117
288
306
389
15402
164
114
101
235
2956
14701
1522
514
4374
222
3360
334
168
124
3513
12740
5123
3152
2085
3245
657
12078
409
122
124
497
142
427
756
82
3048
70
399
20847
83
370
193
376
119
2983
6639
4974
1404
11856
4945
1835
4748
129
1205
2353
2680
5925
4123
2996
147
501
274
106
251
627
1587
118
171
275
141
293
590
10675
178
271
798
142
549
12371
9675
1376
414
91
298
298
3102
2047
2391
2693
4918
3963
1630
119
89
4866
123
4929
1482
2144
987
3205
5613
8792
270
1589
206
986
11129
280
158
165
491
1342
304
397
13752
345
171
216
283
1671
2422
5330
3658
3020
1810
2295
251
91
59
1497
36
50
4182
3102
2841
2184
6222
8937
260
253
250
2064
968
294
271
665
1193
248
7184
5144
1269
173
534
5361
297
12316
5928
5279
2323
1613
2187
127
243
284
*doc12:Đại Kỷ Nguyên - Video
0
2
35
14
10
30
245
22
7
12
20
2
373
29
14
14
11
2
11
12
10
32
4
4
74
25
6
9
18
25
16
2
29
2
9
4
33
6
32
177
1039
51
13
232
207
3
4
1
9
7
17
15
27
343
303
1
3
4
288
137
44
89
236
36
6
33
22
664
3
24
198
25
13
6
16
12
25
161
161
6
73
2
24
46
66
147
27
5
4
280
26
888
14
75
17
372
19
100
42
7
228
22
431
74
6
16
10
33
9
5
15
8
11
12
7
51
6
12
9
10
7
5
57
6
11
15
10
537
7
27
9
173
312
109
6
40
255
1293
27
46
39
50
37
135
96
22
9
72
4
81
81
55
35
8
8
15
6
51
19
16
42
6
11
11
33
9
281
4
231
1037
416
12
29
6
239
226
25
8
603
7
24
27
27
24
101
19
6
158
6
16
56
2
12
6
0
14
6
145
30
18
22
15
6
33
19
10
50
179
16
10
21
8
9
1004
12
75
15
20
369
11
43
6
46
27
393
135
191
18
1104
38
38
385
15
625
2
499
26
50
49
9
356
326
287
35
12
654
15
18
35
141
29
2
470
45
768
12
138
8
46
345
42
145
7
12
80
102
20
17
55
89
17
388
70
19
22
24
8
10
20
20
2
14
13
9
9
51
12
199
15
89
594
45
16
293
30
4
7
41
91
11
43
7
42
63
4
22
3
181
4
51
7
62
13
10
58
65
254
27
27
85
8
439
5
16
215
19
18
29
42
99
16
1019
60
22
10
5
11
37
24
231
10
19
14
8
12
148
22
27
39
22
110
13
8
574
6
17
19
12
260
5
137
13
16
20
29
57
15
40
18
20
1142
47
14
276
30
19
13
16
19
43
12
18
298
238
36
51
1936
1936
8
55
168
3
12
556
36
517
23
752
113
1386
141
19
86
21
25
11
47
20
27
71
3
26
26
143
18
129
40
30
105
15
4326
329
9
11
9
26
222
11
9
5
5
6
33
32
61
12
201
28
43
25
47
14
22
34
19
304
28
67
15
44
304
34
298
21
380
464
142
495
84
686
42
*doc13:VOA Tiếng Việt
116
537
115
451
486
872
953
1597
218
118
543
407
535
1793
904
433
454
2700
488
710
151
1015
1295
675
475
140
206
2959
332
6190
433
1018
1035
113
574
1444
357
403
370
299
1365
231
3504
3200
1908
255
1756
786
245
1503
3721
1181
297
1717
12979
458
1171
3073
287
483
2093
319
1394
1447
1519
1207
1420
29904
1081
363
674
467
72
1099
548
466
100
1821
7216
6524
549
294
61
785
573
312
102
277
283
591
1345
4059
1143
1394
1949
325
151
1263
630
563
517
164
973
3499
1158
87
1984
807
246
259
275
213
627
2012
154
633
5634
28222
2290
8445
1702
250
1804
670
245
500
677
1276
343
1404
2397
3829
351
564
1069
1786
1197
42454
14596
2781
1475
213
281
156
679
1372
431
334
2309
2320
1168
502
274
667
2807
817
1038
6819
28038
2577
301
374
313
228
25925
954
247
450
7948
4438
364
1150
10728
267
3880
229
2080
1047
496
2143
741
548
1072
640
751
362
1051
213
24640
496
468
174
100359
195
153
432
1601
1228
731
6998
5969
1243
1397
2632
195
85
233
1899
456
669
381
574
410
8485
1216
295
414
517
1280
494
1092
1073
145
330
6966
735
987
585
310
123
536
10591
948
8479
1079
616
153
7422
6581
438
214
1459
75
8491
1793
762
1502
1759
547
250
1004
442
12005
5197
822
1105
254
3029
81
1221
516
371
1027
1703
1090
858
161
1005
192
163
8656
3201
444
220
512
356
219
6306
5839
1123
235
3325
103
245
407
700
426
21540
1110
3044
3371
305
1338
1270
617
224
469
411
1273
832
3734
1164
372
949
503
293
145
274
5510
345
695
1398
429
852
850
508
560
390
457
546
483
2194
302
133
653
2253
2177
157
7617
837
401
1430
429
99
5887
453
731
1536
235
777
1955
415
1115
342
439
300
7860
5266
877
533
685
167
88
1075
3185
410
149
908
10646
1842
1027
120
3684
1813
577
181
248
1644
135
354
715
760
195
11223
289
12370
859
637
331
2007
928
216
289
1258
1292
293
120
524
651
702
813
444
867
351
1049
1245
319
150
419
616
120
3721
7216
670
1475
213
431
10728
235
*doc14:BBC News Tiếng Việt
147
1022
3342
1019
1398
366
3992
485
941
1074
1252
325
250
416
1980
1157
378
387
648
731
705
1642
4354
1077
721
572
2180
10211
4061
435
738
1929
181
99
427
1177
264
945
2090
10579
360
336
350
376
13371
5907
4401
10712
23501
785
235
927
764
488
2534
407
2065
5748
247
2579
1510
7381
1003
1342
1703
1769
872
1206
505
567
374
487
218
1510
10713
169
6621
236
558
1703
821
1806
1716
1631
299
9919
7336
2058
333
4857
1040
6728
1485
7313
1187
2257
3002
1018
4942
12521
5101
1672
923
26605
2765
1293
24584
12437
3257
799
2646
1400
2401
1276
391
899
9263
1929
5467
1101
3477
8473
358
3198
11885
2316
14428
834
8530
965
1208
4013
4179
551
230
8082
1559
606
4218
8493
5121
87
6155
789
6338
8137
6131
4585
3500
1136
3578
417
391
88
1019
264
3416
1738
412
1703
24393
677
5604
510
2001
10002
585
7549
2207
424
1134
6934
21027
408
162
388
479
1468
306
333
351
1821
898
3924
4799
2198
1231
3131
6255
1725
251
856
529
1249
1868
4198
308
2404
193
172
1556
531
1082
1889
386
1674
626
403
13150
4280
3814
3224
1915
837
2188
3250
11467
597
2554
416
5007
3041
5332
638
485
20108
2487
876
10102
885
348
478
200
2657
1141
1192
1328
685
6239
3119
4447
6478
7719
1645
3971
2182
185
4950
1710
583
588
1305
4211
981
1096
389
16115
907
1501
8113
2841
1740
512
1839
1679
319
7663
322
1238
335
1275
414
357
684
533
1610
11523
2529
649
5313
289
182
2076
859
271
1049
531
1241
1120
923
8217
4162
636
1504
3643
1515
6602
811
1362
1060
586
451
3742
1275
1912
1224
4529
211
3457
5828
19268
976
4773
14848
214
820
5382
1486
2367
1847
5022
822
757
4010
3073
335
1353
409
5097
1478
1509
3556
2775
854
824
1648
1204
366
295
1298
774
10226
740
2065
5751
2579
1769
10713
2058
2257
26605
899
8137
1136
510
4799
2554
20108
1192
1275
533
8217
5828
3073
1979
*doc15:Tuổi Trẻ
31
156
151
56
30
655
169
85
288
81
208
93
684
195
46
72
49
103
64
1300
144
283
493
153
49
127
144
1200
904
106
2000
175
168
24
188
938
242
317
930
437
152
100
181
103
134
36
65
145
4500
2500
110
221
2700
970
424
478
246
45
361
209
92
186
131
125
232
157
703
2100
308
1603
2403
181
449
107
107
257
336
315
201
137
60
87
264
153
548
80
109
699
159
474
327
66
98
141
701
20
96
219
165
57
441
1400
2700
103
184
959
504
79
1606
98
64
61
997
757
333
187
121
77
41
66
133
128
31
130
88
100
68
49
57
65
401
220
134
1103
101
168
319
7052
320
202
1803
134
778
1106
400
53
15
2554
53
291
146
133
640
484
137
27
80
940
743
46
70
48
295
163
166
1803
139
307
58
424
187
1203
79
96
1718
61
139
235
61
40
395
128
116
129
219
236
158
120
490
126
202
4223
127
216
1700
1900
41
360
1400
394
394
203
398
199
76
158
134
1403
218
130
40
35
259
218
734
74
88
48
389
81
440
284
169
329
118
56
59
2327
349
405
535
1015
771
70
116
272
187
337
270
640
77
74
1200
1900
412
590
1303
29
178
3709
152
35
30
123
879
180
3010
97
505
2115
1612
822
58
876
145
85
171
215
920
165
372
2935
416
131
104
239
2303
203
323
690
3712
355
103
146
327
588
43
17
3406
332
242
429
94
679
419
148
87
147
32
58
33
297
4415
230
80
138
138
333
792
356
68
3500
184
140
751
321
147
493
1200
76
411
673
70
423
81
44
141
141
93
1200
216
207
45
412
941
248
109
406
21
638
94
483
115
1463
1921
84
346
239
1106
1521
21
41
404
1821
84
1000
199
396
46
101
105
2300
179
293
194
1406
131
3963
114
389
38
233
782
145
397
2009
67
972
318
272
1499
204
2106
500
88
4803
230
508
6075
244
298
208
163
404
774
271
97
435
365
51
692
191
1106
59
207
84
1514
628
28
260
3603
97
1912
591
195
48
390
70
77
222
2200
90
160
55
81
225
50
313
252
123
56
155
854
418
636
48
197
758
657
244
398
132
338
134
601
201
75
199
143
201
2602
86
52
125
527
114
49
476
166
1500
1300
3239
177
768
459
57
188
223
187
713
72
392
203
54
76
64
133
124
308
214
75
271
185
288
218
126
1100
5232
3723
161
208
257
250
746
106
157
66
61
218
56
165
207
500
201
64
129
84
208
1333
106
103
107
142
180
171
248
64
2512
128
243
101
109
358
211
61
132
176
186
177
286
253
24
*doc17:Trung tâm Tin tức VTV24
446
10163
947
4575
1171
15272
1839
10788
3802
1962
1152
11764
3189
458
1113
4367
193
1722
7193
560
10775
3800
3070
1774
1914
655
1408
22259
24985
5088
31623
7233
14369
1163
6611
4209
1028
2364
1120
714
1617
1707
2523
600
477
18407
4079
3600
7169
5717
8761
2395
5527
1647
512
1408
1570
322
6047
4636
1550
15489
3587
1495
879
5066
2546
24728
7057
1290
9489
1056
4758
4833
4382
18989
7633
5314
2066
812
2791
1578
1902
1477
846
8790
1464
627
2612
363
45100
25633
772
6143
7721
3299
24199
6696
794
948
1673
2613
1605
2934
1596
1612
14036
1105
17170
1863
20042
7492
725
41170
4974
1870
7302
3439
22149
1643
7035
1946
3071
5821
19170
6988
22467
1336
10755
3454
1227
3654
4412
4925
2199
8372
879
1722
2699
4817
586
3215
1780
13956
3212
2337
1693
4114
1189
399
6552
797
16344
9855
2163
941
7873
857
2281
17722
45550
3650
29533
4873
1242
6963
11357
4410
3822
5217
6333
4560
846
3467
2497
6921
4107
432
37890
1359
6701
4444
3395
12229
1014
6643
1946
4488
2958
5287
2519
5404
1311
20650
2609
1368
1113
2702
2446
5965
11960
1947
2135
13748
3302
10489
5571
17198
6242
1000
1707
3704
4940
1775
1526
1282
1123
703
385
5547
5071
8767
2907
6426
3915
2044
1177
2156
6684
1048
2201
1165
6112
5912
2108
8084
12473
1619
4481
5486
3964
18989
526
2863
1160
1025
1959
8566
5378
2507
1002
705
1177
1692
10832
1315
2114
16873
351
17217
15262
2104
2229
11143
8799
3464
3527
10254
24495
5038
22652
8899
5417
5510
2429
3969
807
1462
4346
4125
661
681
3775
3063
2537
2193
2675
1210
819
3035
1487
3066
14120
1063
3400
599
381
784
604
1140
22106
1648
920
662
30685
4446
1816
2265
701
799
7092
14049
9409
1036
33701
1676
2077
4404
1278
4192
3688
8242
7099
10686
8101
3325
1408
15533
735
3817
1216
926
14509
27139
421
7328
1715
6067
9156
3003
1820
1778
3162
922
1199
616
1907
6858
4435
4272
768
4374
6892
1729
451
4501
3632
29021
1387
1538
1063
11856
1159
671
4406
858
1214
7371
7100
4584
11993
1271
2123
2480
6026
49349
1716
4768
3514
9889
8346
938
2806
851
14788
4911
110
5814
997
14058
2573
2203
1378
1290
1866
1373
4078
1266
1665
16526
1001
1305
10288
4674
12020
22023
23476
7923
791
2461
11508
2214
2554
550
1084
1653
9970
1872
1935
18295
11412
11863
3868
2783
2952
1846
4041
1115
8790
1160
1487
*doc18:YAN Foods
174
301
2265
182
524
262
1
1044
2361
1662
511
91
39
690
742
265
511
335
4037
3481
578
223
214
338
1719
221
1394
1981
822
1290
329
272
575
90
410
2679
659
330
557
4243
555
476
488
2344
1081
139
180
427
15
1200
1284
420
4136
91
839
8103
3107
11
2120
618
19
2867
5968
4123
4475
13
1681
438
720
52
641
889
515
207
129
61
253
275
458
23
1096
1866
940
3080
296
4627
4580
1179
196
2317
2141
1165
385
10
19
732
573
714
527
30
577
399
1602
51
1326
107
665
14
170
377
100
40
2326
353
147
479
685
1874
101
549
143
23
532
1203
910
3257
1183
166
197
16044
3532
447
3829
69
561
605
41
624
1375
95
431
550
3310
1062
114
375
476
2084
529
552
1267
1690
6956
1117
1494
617
5087
179
1364
232
1520
252
787
1820
57
104
36
2249
874
44
1246
117
243
2964
221
654
135
95
55
478
44
138
4330
453
247
30
601
1041
384
1813
1813
132
6512
450
2908
317
5093
1127
*doc19:TodayTV
11
20
48
40
35
35
34
582
97
41
571
49
20
31
1621
716
43
250
223
467
124
252
365
166
45
56
25
655
115
1842
147
292
115
400
45
73
1481
652
206
137
110
276
54
654
239
2274
519
87
52
71
88
123
277
873
1920
216
152
541
3816
48
2669
123
1228
355
369
7897
6755
389
421
360
123
6327
55
144
24154
258
100
1487
3456
138
1030
734
3456
328
2055
1322
465
1858
864
69
180
1254
90
58
4540
93
1630
43
72
134
671
6514
8
111
1408
226
692
469
71
1542
83
50
49
615
123
79
5803
17
936
400
334
82
8624
54
67
13624
1533
227
61
1760
105
281
707
68
114
143
395
97
237
28
428
216
66
19
2551
5163
29
83
399
3674
71
4508
237
164
92
351
161
319
25
694
40
1236
3
15
638
16428
555
2128
3183
87
955
2278
469
194
44
2354
1026
1245
25
7
259
46
7582
319
57
1442
234
385
1624
134
43
118
4998
835
139
253
651
2676
1193
2817
3566
678
488
66
83
1622
1024
181
1039
282
155
122
4725
353
7
724
11929
1760
1233
234
346
54
294
7227
240
82
4
40
63
221
75
3036
4
319
953
1210
9208
6246
1288
3875
193
137
521
22
8209
6356
84
2877
16
82
361
5
10
115
412
160
94
3808
4
45
605
517
570
5777
163
50
85
3171
1844
647
261
28
186
62
225
370
52
4205
1
885
5305
100
794
6741
2230
446
140
405
34
1433
1948
168
35
125
34
161
89
8
3532
41
119
1025
12920
89
607
2457
8852
250
359
62
557
66
570
1236
425
67
5380
80
290
396
246
2096
73
35
338
41
216
65
100
2399
29
4724
420
417
281
13196
3087
328
389
87
72
148
160
92
4261
13
558
7402
53
64
148
3677
250
2917
357
7308
151
445
372
70
66
189
132
8
537
178
364
*doc20:Trắng TV
47
57
345
942
69
71
232
33
244
852
2628
1646
172
783
118
146
4488
1412
96
125
5729
829
3149
41
925
105
109
307
227
7015
4324
1086
247
151
75
2069
916
184
4143
176
5042
1122
87
21
4166
137
27
20
46
48
26
29
64
35
56
120
376
65
754
15070
128
4280
71
378
90
235
10123
75
3023
1187
43
399
98
16393
173
4105
60
104
1213
254
1375
3275
716
361
347
69
15555
105
72
1372
184
4599
253
63
1177
63
249
3169
982
1053
89
1003
6480
79
8875
66
120
234
59
141
896
281
2930
202
571
57
596
2289
636
511
4961
91
483
162
136
222
3014
927
1751
98
51
203
227
2224
642
9487
75
138
101
248
225
760
141
5606
54
5164
174
196
1593
1061
9656
705
199
97
241
5225
106
10724
3897
99
148
3369
189
5862
39
103
8164
90
85
85
2469
329
91
416
478
8420
65
493
120
73
142
6520
3626
360
8904
161
95
2807
4572
176
2410
1348
290
14690
252
319
1393
1038
1875
392
3127
117
115
6142
958
192
73
37216
*doc21:Báo Thanh Niên
2
66
27
78
308
182
1140
174
9
300
276
172
247
26
31
3
906
688
46
706
185
127
1007
437
151
32
128
325
2535
1711
235
2101
466
45
82
209
226
62
148
339
222
156
87
133
22
1162
89
99
81
578
72
302
255
268
72
425
105
233
1216
498
807
302
385
277
498
76
956
244
980
25
433
285
112
315
2127
820
588
661
802
376
137
359
129
266
326
288
137
99
36
200
176
64
273
413
94
288
159
815
101
467
136
101
340
362
663
685
178
2364
1218
2830
1789
331
570
513
1384
198
188
320
717
58
424
154
367
4262
25
293
124
47
56
131
80
202
73
519
668
30
747
224
81
148
428
158
351
866
2917
980
320
103
489
42
89
470
216
1187
123
80
107
250
291
85
98
600
940
173
327
312
336
211
284
54
277
379
321
255
2004
1180
207
542
203
336
338
166
216
1016
72
218
134
51
1084
1235
214
883
1882
614
95
155
4679
412
159
103
370
2133
3313
88
904
351
147
682
94
566
142
52
152
200
787
421
285
304
663
216
449
2125
86
80
154
1361
367
163
141
723
116
364
139
310
453
66
920
110
279
264
164
83
1755
284
393
1869
257
119
447
578
431
1042
173
99
252
790
160
298
167
189
782
3082
191
308
688
281
2381
275
178
201
176
334
1050
222
123
74
111
250
88
45
262
354
214
442
269
92
105
2064
74
209
130
55
788
5431
1807
38
207
451
70
167
935
111
29
1426
140
133
105
677
98
142
649
177
103
76
43
2325
170
377
148
161
574
324
381
435
483
1508
649
151
138
132
106
157
1420
387
18
197
296
104
55
34
220
66
135
231
155
154
136
67
907
715
164
73
106
76
250
983
372
279
124
75
359
101
287
56
147
23
98
552
1147
162
564
655
232
133
188
318
398
79
346
904
160
226
150
521
14
5
37
2106
82
560
75
122
90
246
91
92
718
19
53
53
84
223
28
45
97
193
1021
74
317
241
280
68
340
957
55
37
1120
130
373
250
181
384
184
515
82
295
1828
1253
395
662
171
754
813
142
257
913
17
477
388
163
1911
347
693
382
3398
721
69
147
149
295
673
87
72
19
285
91
31
224
288
122
302
46
102
133
75
66
84
788
88
869
391
139
2843
242
161
67
372
1485
2949
686
415
928
457
81
291
49
17
171
944
133
536
307
47
337
200
18
84
699
588
668
663
106
1253
242
1630
1872
*doc23:SaoStar
11
122
79
86
1777
53
70
1231
377
31
104
124
272
2785
62
386
1830
371
452
134
1796
441
41
859
95
684
138
316
89
9666
1118
88
669
3102
147
733
738
944
259
403
372
515
427
382
91
3141
629
1178
171
1391
603
447
1315
612
500
122
85
343
425
776
483
3866
1245
402
1299
82
414
159
123
825
5201
112
55
1051
4382
248
436
48
164
256
129
1103
63
103
95
1072
6392
28944
433
55
78
242
3165
78
97
62
359
1202
192
232
825
78
57
6136
74
407
161
81
1730
176
108
1672
544
95
366
71
42068
252
42
8864
74
15969
1918
79
75
75
88
320
1447
70
259
159
78
227
198
44
83
161
275
158
4409
383
59
19591
65
134
11235
2669
151
174
134
164
150
92
99
170
8159
780
5764
11658
383
454
760
2716
7610
638
3556
316
569
49
739
1060
62
97
10282
105
4111
510
2611
4406
11317
77
288
1509
31645
162
257
1445
261
526
5138
310
166
1687
83364
1069
392
89
68
407
1315
100
915
79
3553
1284
196
11382
6342
473
203
287
2193
8570
7923
267
358
7293
150
2099
4910
1648
255
176
177
9195
238
895
164
634
2222
113
1966
567
876
482
7844
190
201
2726
51
141
14741
169
592
164
341
369
172
1257
208
299
24432
75
11627
183
593
236
1587
56
6117
1449
2154
7913
489
2185
455
368
14528
4749
882
1466
2846
115
3218
153
5573
55
7926
404
60
234
11378
174
1918
683
1427
91
6396
64
9630
1642
114
186
1173
467
24513
7277
2810
165
5676
112776
81
253
857
12642
65
125
152
4697
86
10639
3299
190
67
1178
443
3875
17603
80
1444
25870
310
156
10978
509
13765
2743
21507
363
73640
5616
538
342
21360
548
11234
994
330
19455
324
569
136
959
106342
240
551
72
244
760
19777
357
10069
2147
15315
12909
386
111
1154
2066
246
279
1245
152
76
335
9555
6136
1084
68
724
824
11216
4390
2438
336
12614
53
149
81
34597
1118
815
438
56
2762
244
837
97948
84
113
168
221
4105
5218
25287
6247
3060
7833
238
10489
1851
79
181
523
172
117
50959
82
58
1035
630
137243
161
5829
33055
1060
143
11002
77868
1062
124
1639
51021
67
1790
825
1099
8221
85
10429
449
2635
151
287
355
457
220
103
226
124
371
316
949
427
3141
123
242
1205
252
383
634
7926
1642
330
97948
221
2635
457
3236
362
381
14625
*doc24:MTV Vietnam
13
3
58
107
441
189
57
7
2289
60
384
17
48
268
83
2
88
3271
81
147
39
29
301
101
2871
169
37
524
1013
72
274
1642
322
2810
469
135
4262
450
1
11
0
67
1841
480
885
754
369
2
21
482
58
1806
167
385
2747
2005
878
697
268
1687
24
1080
750
216
334
708
161
173
4
247
879
15119
5500
1031
4
6674
412
13
134
160
49
205
39
314
23
1310
29
304
105
0
8
19
1
1986
306
395
27
26
115
170
89
175
96
9
15
2
321
12
141
0
5
3
1620
45
605
758
4297
9
86
200
34
45
233
724
836
74
1285
9
2561
6
7
90
596
250
88
195
75
35
30
64
872
84
179
3100
50
104
2107
10
168
351
3
410
905
569
2202
23
283
1345
3969
32
4
105
42
169
5083
137
1969
11
3
33
4
710
100
39
28
1966
3
196
101
1099
26
4905
6
7
3973
9
32
8
12
464
124
40
686
10
14
195
144
54
112
12
268
57
69
3
49
4857
38
12
15
10
74
6
2
4
2408
8
40
588
2289
226
25
17
152
93
10
9937
3
353
63
335
473
584
2977
3527
2615
1318
439
6252
133
1406
2210
721
655
105
1691
14
14
11
660
7
2426
3
188
141
2893
696
26
2590
856
18
8
2
6
619
9
62
3
60
92
111
111
16
2936
149
*doc25:YAN Beauty
10
5
159
290
685
238
353
386
79
49
337
1000
65
5183
478
151
90
461
35
1130
121
21
58
67
395
3689
420
2655
53
81
101
100
72
17
328
63
8411
101
87
525
1108
57
88
46
185
25
1015
413
83
7912
261
2253
2375
73
52
36
640
775
79
549
2291
17
47
48
4783
454
1949
50
17
41
17
48
13
21
119
1856
4416
801
1256
11468
297
93
50
179
43
62
104
151
39
74
23
370
3591
3375
4902
382
1778
222
450
27
44
807
766
280
334
141
4912
1273
26
153
519
483
506
42
42
159
7962
105
1544
1420
50
353
21
1021
786
143
348
43
68
23
140
56
24
437
2855
110
72
51
30
696
69
72
153
27
397
95
112
304
3372
472
169
128
103
659
132
32
38
176
56
6910
83
110
20
323
60
599
32
31
400
2462
2716
70
128
312
48
20
52
197
2343
299
1100
66
143
78
20
31
82
49
35
48
1864
33
129
87
1691
26
19
124
48
127
49
27
97
46
3712
49
53
244
221
60
26
32
24
20
114
110
23
4875
43
52
280
3149
532
95
98
215
2613
735
40
100
16
1848
36
19
*doc26:VN Ngày Nay
249
19
203
58
177
16
32
48
19
12
73
27
289
1447
45
2019
401
23
47
29
56
92
121
10
54
47
11
35
19
23
18
24
89
12
9
48
31
16
73
16
169
17
23
947
10
5
66
61
123
14
59
3
528
20
2100
35
5485
21
77
82
37
144
45
881
32
15
3628
11
154
28
73
19
10
17
41
4904
46
26
70
63
64
168
192
2667
148
30
23
86
307
180
133
198
12
3
39
69
48
18
329
279
7
100
56
60
167
2085
67
741
85
141
22
1357
313
32
13
1459
11
29
132
141
78
286
18
135
264
1461
64
207
20
307
26
11
219
18
627
170
234
646
8
1092
25
40
2
41
178
10
1503
105
2497
12
309
156
648
232
319
5
340
12
36
22
51
42
65
80
93
9
29
91
10
12
11
474
18
174
140
24
294
65
12
11
358
3362
697
213
272
195
178
49
178
641
7
10
147
12
120
343
10
118
25
940
141
67
186
213
13
66
30
201
70
682
412
249
125
164
11
1318
18
15
19
29
55
252
10
512
56
119
124
204
83
150
17
348
398
74
98
7
15
16
4
62
16
29
73
34
290
43
4
6
369
16
136
287
37
372
1303
29
21
398
168
23
*doc27:Thethao247.vn,Esports 247
0
6
15
269
860
826
68
231
226
52
988
53
348
140
119
26
152
387
2081
61
633
25
224
50
1155
170
864
145
431
485
83
848
43
551
3125
37
311
1787
264
1253
357
566
588
21
257
27
134
1015
29
1834
270
87
136
70
6969
587
206
49
31
11909
104
712
43
38
949
698
115
822
770
119
795
145
33
79
117
1223
527
382
652
16
145
1323
310
428
3993
702
176
355
95
429
200
157
71
310
310
419
1215
12341
607
26
14
20
4335
13675
807
783
291
511
63
75
218
834
201
39
2047
859
53
167
78
1155
116
10108
477
61
66
509
895
107
691
78
489
118
322
80
95
267
154
149
230
71
34
23
42
693
64
1732
114
538
25
1357
343
229
1084
396
1751
338
87
609
2911
183
1589
3099
1246
192
6378
46
1146
141
202
811
76
1954
59
217
1358
189
412
389
3026
79
66
101
278
25
233
113
1060
10108
915
286
3000
179
86
1884
98
887
4708
3030
189
10327
1147
750
156
427
1424
609
861
326
639
9808
234
294
5994
601
1339
724
978
36
370
8848
286
131
163
21
2233
1797
339
733
5640
477
210
5725
131
225
3672
75
568
1004
1048
121
294
234
124
249
416
1021
1227
245
130
543
1784
514
1914
23510
1121
54
4775
442
244
568
530
709
1818
130
380
128
292
121
1010
846
562
6622
845
306
500
1057
820
119
372
511
873
49
750
202
1517
1667
12008
902
227
1454
332
171
427
1763
1118
28
78
312
86
920
2008
2639
164
952
2149
792
162
3466
237
1548
402
2413
262
2575
527
3272
492
64
148
4235
10330
330
268
9230
730
1300
8555
556
2753
1567
771
260
301
408
5642
878
437
103
202
100
1004
289
819
1844
1753
199
1183
341
232
1471
594
702
651
395
2428
704
201
127
821
135
161
723
3668
537
671
486
1275
8735
1844
914
330
14
1053
179
2990
845
4826
805
249
630
675
5990
1421
375
331
46
15417
738
962
2659
888
2426
416
6369
335
1066
721
566
753
913
251
271
3178
716
242
3240
1465
1063
3603
345
521
87
4111
568
346
1055
170
950
136
182
706
881
515
194
175
202
1320
459
1305
562
657
11792
891
1866
203
631
411
168
800
915
235
195
5778
227
3824
433
73
149
12210
1047
501
1115
797
8022
12402
937
1030
1436
26
16
14094
84
149
2113
9224
1015
263
531
819
416
276
269
*doc28:VTC News
32
19
21
23
9
168
770
17
19
760
28
34
165
29
373
22
227
733
190
27
103
34
129
101
63
64
47
209
621
86
416
67
542
373
390
39
12
424
41
58
955
58
22
212
325
923
129
577
114
24
159
310
35
67
297
176
34
1552
22
72
132
147
37
9
9
109
81
496
50
18
57
319
990
1149
1012
849
50
889
17
1418
424
173
927
93
85
96
77
97
117
43
132
28
167
38
369
28
133
78
136
1040
72
22
207
141
115
32
273
90
223
13
276
70
56
175
52
276
1643
91
39
777
34
282
66
41
19
101
74
332
142
101
88
439
231
170
40
42
566
938
32
21
748
155
654
181
15
813
106
575
43
25
9
696
86
221
38
107
100
346
17
19
238
167
17
183
339
35
20
146
412
27
247
24
145
238
109
112
35
1243
19
351
347
285
54
48
452
2338
115
21
139
121
37
37
133
85
972
43
291
204
55
70
678
506
130
818
96
111
34
38
320
45
521
204
120
203
51
53
171
313
41
37
53
181
754
51
47
1062
845
106
1721
33
157
518
116
54
43
226
1419
44
935
494
78
58
46
318
52
325
273
43
429
334
136
30
28
50
28
513
13
208
36
40
1805
228
940
563
34
988
310
41
105
936
535
597
258
8
212
42
2271
39
75
296
39
1703
36
16
13
188
174
64
411
341
520
51
996
53
95
344
694
26
46
113
116
295
1221
457
88
423
40
585
238
42
69
218
837
238
148
260
58
32
519
228
209
123
319
24
236
1666
57
44
98
21
49
137
581
22
92
354
22
48
707
602
409
19
412
544
226
111
131
45
809
186
95
103
168
124
35
241
900
50
48
97
112
40
376
647
27
318
47
112
33
11
9
101
280
62
188
10
209
61
62
125
777
967
151
34
124
292
64
32
51
644
651
968
32
97
215
9
66
62
246
226
35
503
210
2078
128
125
116
457
61
84
863
997
133
196
644
75
62
206
121
18
1200
168
1607
157
778
1953
581
581
467
70
353
776
295
33
38
20
202
4530
55
14
64
21
27
104
92
11
83
77
12
43
67
179
78
333
196
136
218
41
40
114
78
44
269
1356
69
19
207
24
920
97
25
604
362
212
68
367
260
26
184
539
653
676
493
258
625
48
63
71
104
83
4666
2250
871
135
1471
223
813
167
*doc29:Báo điện tử VTV
28
13
165
24
323
348
147
64
869
167
13
2590
721
41
86
15
79
274
116
122
24
281
270
211
419
10
28
1914
20
289
231
184
606
510
94
40
91
145
83
252
127
817
45
177
50
47
40
29
57
713
228
62
374
219
53
1311
28
63
52
31
104
18
103
506
222
187
3830
21
474
638
16
38
42
106
981
495
146
774
141
25
31
967
1106
524
183
54
26
1089
182
28
761
886
21
303
31
1260
62
1014
54
630
115
151
126
306
325
212
274
3959
597
89
512
379
1480
653
139
862
61
161
152
154
313
204
51
759
105
294
106
109
40
297
129
35
204
395
64
59
2056
115
155
1146
990
105
163
146
251
218
260
136
15
40
47
260
91
118
168
321
42
786
40
661
190
76
798
408
1608
878
654
520
671
105
457
39
57
154
16
165
103
206
74
18
43
1533
27
1257
1660
176
321
17
540
349
193
186
180
467
97
2418
1211
702
111
453
39
27
95
110
245
400
257
638
410
32
1473
96
1321
146
19
20
213
46
146
32
1400
437
1115
1700
64
16
796
19
857
118
221
21
79
31
15
15
783
31
176
306
59
27
14
113
31
46
989
39
89
37
508
42
61
231
51
56
121
57
102
17
69
84
46
168
1002
34
870
20
20
25
47
6
28
57
195
13
41
334
9
27
61
46
45
27
205
34
57
45
365
97
18
67
392
1700
43
35
74
2200
95
29
424
122
708
1200
342
194
17
21
166
323
289
228
104
62
154
76
74
95
213
79
69
84
*doc30:BEATVN
1195
2926
726
26450
1444
16241
9087
7461
2535
15866
5666
1648
13500
1385
1512
9711
1291
8759
1383
12004
3849
14763
35749
26739
36931
5677
21089
623
54299
9506
11972
2468
10135
15640
8989
1287
1000
25796
2180
15570
30701
3925
13137
10738
18564
3158
4070
27131
32322
32674
24860
12176
9415
11018
3546
15945
1163
10645
5630
5042
23556
7639
18020
17139
33587
28810
24278
12389
1678
15043
29693
2922
22457
795
2069
3317
888
1207
2658
11785
1210
84323
2882
10981
7140
9993
13166
5075
7060
9510
12179
9527
9010
948
4949
3912
46889
3637
36229
10740
2140
2569
17698
8665
1534
27133
1806
8986
30882
41323
13971
13507
1424
19896
2952
35958
9356
6871
10577
8978
1517
27520
5012
20132
983
18441
4591
40492
1137
31337
10446
16043
56085
9622
6455
20468
17324
10720
34380
1183
6462
2523
16568
16059
6654
1987
6556
1815
1154
6619
21923
5293
9070
1106
17755
39282
1565
8131
23236
10303
2328
3525
9308
31588
9462
1240
4128
3773
33563
2689
27849
13836
4287
31265
45651
21851
18277
26761
1259
1168
2764
1034
5125
712
8485
4185
7099
1679
33017
7376
3784
2340
19041
1822
5379
1570
1807
10121
49445
5538
24483
22772
8133
1432
2560
1191
11431
31831
10735
29633
16392
19716
14468
11131
17969
13036
4573
19393
7249
4268
33029
4549
6368
8709
1124
18905
1085
9042
7851
22493
12768
25540
22010
22460
25234
3052
5594
6166
3437
2102
1474
1179
11870
8384
12440
3248
31771
4615
2819
8882
6180
3662
31594
1563
2940
8740
7758
43590
1647
848
11992
4318
1764
56328
1117
27380
34600
10981
40556
13720
15955
8934
3955
4507
36501
8250
23485
7531
13158
7512
5760
20506
8124
25932
10235
12354
7292
2652
6256
12900
14666
13900
15083
17635
3535
1945
4435
4612
13741
7896
1222
29111
3084
1120
10534
1012
14939
31408
20247
14788
6016
3982
6306
28422
3573
48679
49907
13448
2703
1355
1590
2578
1826
2222
1211
385
889
787
968
1241
488
5093
744
4437
488
6056
136
1069
1192
3240
952
7297
8950
3437
4838
5258
1384
1102
641
941
1469
1775
725
1072
941
1099
5404
1205
2411
1990
1478
2435
1560
1966
4487
4349
2996
4350
3890
4510
1199
1693
2134
6706
1842
3147
2171
1081
524
1432
761
6340
801
1116
1079
1501
422
63
1562
1796
989
1601
5159
2182
4491
399
4607
4392
3672
4829
4512
6094
1041
3379
1244
2447
2390
2177
4861
1705
2562
907
3180
8395
4237
1554
2910
5057
2381
1202
1064
1141
1788
1002
4797
7740
8895
1651
1205
1993
3179
2337
361
1599
2250
11402
3740
726
2568
6647
4334
1526
2952
1923
584
4986
3102
2649
1481
1882
1699
2568
2390
1696
1429
4454
7317
1484
7337
6406
3081
1650
1363
4227
6671
3416
1629
1935
1893
2971
1923
2746
508
4972
8438
8778
1327
2566
2649
933
13410
1894
2525
6916
2502
1244
19915
2146
2676
2398
3764
2108
1160
4290
11578
3254
3354
9320
2244
3062
1133
7324
2089
2616
1293
2478
9825
6279
561
1681
5444
7562
1099
1742
3386
1027
2685
2178
2320
6869
5472
2605
6528
2014
886
694
1157
470
4609
2220
4997
1181
5785
4310
6814
2498
2895
3481
2498
2744
4825
2565
6856
1481
5500
2402
7903
1148
5023
1860
2555
3903
1695
1157
4506
5188
6363
3841
2190
1911
2608
5463
5017
979
3437
2353
1420
1193
4333
203
2211
4221
11534
10503
10501
10096
10725
4055
8798
17094
1608
9099
4197
4970
9794
5854
1702
2595
2564
3286
361
1072
2271
4389
6135
2167
2309
4643
3283
3147
1747
5232
4510
821
2120
3114
7142
4269
820
4773
3104
5999
6151
3527
1060
491
5161
3007
1629
1510
2658
979
1804
3987
5778
4890
2605
467
2223
4549
8387
2565
933
1245
3344
1655
3852
6307
3838
593
1153
7080
1779
4007
10149
2681
3908
1723
6818
4714
7672
2661
4742
4621
3655
1663
762
448
587
7239
1770
2820
2372
1842
2073
1616
997
565
1798
920
1225
1368
2328
2402
3775
2078
3004
7532
4759
4312
*doc31:POPS Kids
12
5
22
47
10
3
24
16
40
21
6
2
27
74
216
47
69
105
56
78
26
485
35
57
16
49
14
10
170
112
16
7
37
11
11
9
10
8
94
40
44
34
57
84
41
81
441
32
46
217
570
574
7
88
12
159
30
7
94
41
7
52
6
56
36
92
79
1500
11
71
2400
42
17
72
1200
153
148
6
529
263
19
11
44
501
40
15
1500
38
23
7
1400
22
1600
36
1172
14
10
29
72
17
87
9
28
44
14
265
157
8
33
83
29
74
24
53
56
40
34
38
8
50
40
21
16
21
130
36
18
182
3441
68
69
200
118
2827
51
33
64
615
42
44
23
30
62
34
38
21
554
60
38
118
17
54
24
10
124
*doc32:VTV Giải trí
3328
76
2778
2753
1084
1687
1778
3636
293
134
25075
227
247
174
5566
1759
1947
364
2178
33265
6932
5888
272
205
1045
248
1338
568
549
1342
2096
1078
1829
489
3447
34293
158
8661
192
2341
3275
11153
11504
3199
321
180
5544
181
1139
13128
519
5033
23017
555
1551
137
95
734
213
658
130547
14426
3238
1645
4110
3423
7846
3144
6003
912
178
151
5433
143
154
714
26028
8580
20372
4770
30515
20738
1696
16654
677
1567
192
122
6774
34203
257
71631
3323
47196
3668
409
2051
7164
3535
18713
1890
10489
13282
231
1969
2726
215
197
507
928
1163
1172
5212
1448
6090
11147
3905
471
14252
3675
137
2395
2750
254
322
3296
2081
1489
230
8862
4970
5730
244
555
1651
2021
3644
440
3554
15339
427
3517
241
3547
1980
943
19895
5328
2042
146
2013
279
568
14453
166
510
200
1105
6128
2359
49953
221
19350
27239
3801
37136
1957
2498
148
1587
13495
8431
168
396
2917
21191
5544
42745
22065
10747
2998
140
26798
204
90
9319
115
80
3222
140
6050
802
23134
14606
8773
7592
14179
3439
6379
15092
12363
336
430
9179
17275
8747
3763
18017
6119
3410
191
12690
4814
4617
315
264
7166
9579
1239
260
797
1793
440
6069
13468
110
347
3896
5728
11597
287
6312
1408
6580
296
853
137
3587
3308
4283
11141
9653
5421
1633
134
276
2091
1369
290
14434
497
6777
15206
9575
25080
11714
8671
5749
1027
2656
231
226
8858
11107
29236
9317
18420
640
6802
27832
41677
8244
5022
155
383
16059
10783
451
756
363
32433
27485
1356
3571
35100
31446
8133
3458
163
6102
20314
3550
1778
1947
1045
1078
1829
34296
158
734
130550
4110
3144
20372
1696
34203
1969
3535
2750
279
200
2359
27239
3801
26798
8747
6119
13468
6777
5749
29236
*doc33:YAN KPOP
902
330
86
109
2184
4404
98
86
1151
491
8541
2133
7947
1696
855
466
2142
3402
134
99
909
886
673
707
130
2626
5967
91
72
124
1060
1618
813
163
383
817
5066
1842
833
3629
724
770
819
379
252
219
417
79
184
654
3769
1063
3837
12099
6041
376
182
4742
302
1684
677
9101
4447
243
19540
110
5175
215
140
234
99
127
13186
750
565
1735
746
638
1135
2124
173
193
2471
1757
364
117
1635
5158
2928
161
676
896
424
1090
262
412
81
131
1736
2329
344
3815
155
781
4069
398
1127
273
92
2808
348
223
88
391
2581
320
4189
574
848
41
488
56
535
95
1342
1302
2087
359
1587
83
387
557
2850
111
176
68
59
725
1005
127
116
274
293
255
25252
476
1827
474
943
91
86
330
8032
757
54
394
704
77
118
1769
231
532
213
2729
632
136
1933
335
83
50
5609
1436
9289
1277
144
731
78
131
2748
89
2972
790
476
99
3779
497
344
80
187
291
105
557
8824
468
16162
816
685
4686
88
358
162
1175
110
3496
310
1399
870
1607
1633
104
559
78
195
175
944
165
441
98
529
562
7686
60
126
337
5763
212
434
1393
1290
621
1771
198
527
56
125
254
249
2694
66
165
2002
1378
109
153
555
406
609
141
1493
259
81
657
1451
156
100
132
166
903
433
117
360
1448
315
643
474
471
308
373
225
381
251
75
1330
4582
314
369
763
141
461
660
2701
2379
1381
544
138
345
92
196
1118
279
246
1748
233
1905
1448
194
3626
68
1241
538
1408
346
201
185
84
456
92
250
459
101
743
519
468
93
632
2789
177
126
63
81
92
267
763
293
238
567
136
64
488
97
83
3584
235
3996
1315
96
105
3522
332
491
6056
534
17399
176
364
628
169
6670
191
754
87
82
3455
2290
1651
1295
321
708
160
1657
233
735
208
631
308
455
743
19135
19135
190
237
110
1348
129
295
1115
3509
569
834
292
99
899
1363
138
422
651
217
144
685
4117
188
1657
132
139
579
93
233
338
175
386
3005
71
359
56
1178
97
171
191
467
1081
302
454
2230
88
85
943
43
155
2941
847
116
244
186
112
333
90
135
296
833
182
273
250
*doc34:YouTV
4
110
25
126
52
8
237
369
111
1033
49
253
139
168
33
250
35
30
14
36
106
41
33
41
741
346
52
1748
684
27
55
57
31
215
8
218
9
275
105
18
28
8
30
304
77
54
21
50
231
2344
218
43
300
2499
30
21
85
306
16
491
128
87
28
57
46
630
232
51
1330
457
70
87
222
22
1348
71
35
40
751
105
1159
274
363
76
2327
42
168
55
21
29
58
33
24
15
29
130
48
678
111
771
718
909
52
26
81
45
115
3679
35
10
45
19
7
30
187
153
34
28
145
65
901
108
152
578
1672
656
46
947
271
145
42
76
70
8
25
56
168
141
36
98
580
54
37
1115
53
2771
136
271
48
92
35
3206
191
193
29
1054
37
165
67
35
57
242
44
423
40
9
188
66
2860
332
769
228
757
338
104
1338
100
50
62
1089
242
7
14
54
1039
41
47
191
16
140
1015
400
188
823
31
2638
87
56
52
238
59
3517
37
20497
268
44
94
7
1007
963
335
271
142
34
243
2919
111
532
1763
315
80
530
15
27
64
46
53
224
316
15
520
8703
41
247
1099
108
298
111
73
31
667
51
122
48
604
46
181
34
343
49
76
218
1554
68
431
46
718
816
1720
967
91
64
73
43
8109
39
6513
853
2879
30
125
79
26
293
27
228
600
28
3608
15
1874
540
40
980
444
1227
114
64
1411
593
38
64
22
69
1035
8
476
666
984
33
598
3325
1000
316
198
2863
676
2096
454
127
2460
46
161
31
34
16
4
1163
182
25
584
579
161
1136
451
4
1960
2572
87
200
4714
61
446
29
99
146
78
10
488
509
904
39
881
336
117
91
217
71
220
38
17
59
41
7
6513
5
1006
789
487
299
40
383
1048
35
97
24
77
31
222
9
2542
100
34
71
383
679
217
51
980
150
140
1227
2190
120
753
328
3199
114
49
10
3070
36
38
30
509
956
45
111
129
688
527
1593
1429
1151
33
585
1351
2263
294
3622
121
108
98
41
*doc36:Truyền hình FPT
59
383
359
572
729
1480
672
687
975
355
535
6792
711
762
1747
730
2323
645
449
1215
866
899
3304
1533
1021
854
1683
1536
1551
1657
1651
3439
741
1054
2786
867
1301
3395
545
145430
1520
2652
1556
1411
2346
1263
85
58
32
48
638
1002
1190
809
900
952
555
34
1308
76
157
1051
1556
60
74
1066
691
826
505
544
799
754
245
331
592
650
1827
547
156
369
18795
698
2687
2054
2032
52
306
1025
76
3860
240
216
280
28398
106
214
1248
9728
11131
8856
22
156
39
2614
43
23
62
4536
23
321
9732
23
39
15
17
83
281
82
47
18
36
24
764
195
1743
626
215
609
330
185
35
44
37
9
124
32
253
320
37
247
203
3030
156
36
299
156
364
35
30
47
36
29
685
505
260
1042
433
16
168
17
300
29
3084
31
17
32
23
266
52
30
8
5762
113
2083
55
32
235
13
23
21
9193
375
41
721
2330
1518
54
13
43
1633
15
61
99
33
16
238
1081
304
249
186
34
211
10
114
139
43
59
56
27
515
375
32
40
86
93
26
196
63
15
48
33
798
33
11
160
116
27
4227
38
104
46
22
18
6369
11567
1418
203
84
4483
3432
45
290
656
17
6005
47
39
188
19
*doc37:Hoa Hoc Tro Magazine
5
416
50
5
8
260
1538
1213
463
299
102
50
98
22
42
79
38
25
24
24
413
573
81
18
68
24
24
44
23
32
36
28
21
11
20
103
93
45
11
13
77
86
49
36
17
18
10
506
40
34
35
12
47
38
60
23
444
45
30
11
16
12
17
39
88
13
27
36
127
1050
814
21
17
38
11
11
26
45
31
33
66
54
18
24
455
65
62
18
45
54
153
52
24
10
15
21
298
26
34
17
327
369
3935
670
695
75
74
27
175
199
948
197
844
63
40
34
10
37
39
16
250
19
32
27
35
11
35
35
20
53
42
64
55
26
77
7
35
33
28
33
34
133
70
25
1909
273
20
21
29
42
*doc38:Báo Đời Sống Pháp Luật,Tin News 24H
3
4
63
13
34
215
19
59
82
56
47
15
10
6
20
125
14
22
29
22
47
132
367
58
8
129
12
20
10
69
57
11
10
10
15
51
257
44
200
37
169
18
12
88
40
89
20
27
17
21
10
42
15
66
11
118
29
900
31
6
46
80
99
8
55
32
14
46
31
19
70
141
35
26
43
231
40
33
29
8
26
37
34
71
86
73
28
12
9
725
214
16
3
16
7
11
11
587
9
67
105
3
1441
15
7
442
15
442
27
9
221
26
83
347
8
6
21
110
34
15
11
15
79
18
15
27
43
83
38
7
55
47
36
63
20
14
1152
52
25
120
5
1652
85
35
52
40
25
7
39
13
15
11
223
414
124
8
57
177
83
28
37
10
10
6
39
173
26
14
164
94
137
15
152
20
176
9
11
41
185
452
15
10
530
33
62
28
11
184
19
8
51
17
156
15
8
83
25
43
9
36
38
23
121
12
*doc39:Đài Á Châu Tự Do,Đài Á Châu Tự Do,Đài Á Châu Tự Do,Đài Á Châu Tự Do
138
75
183
1029
*doc40:HTV3 - DreamsTV
11
247
19
51
89
21
32
295
26
25
58
153
20
21
17
209
38
58
19
41
15
61
136
73
17
53
151
59
17
32
177
178
52
354
85
31
32
49
215
57
162
26
23
20
14
18
20
96
12
81
269
47
15
33
474
26
153
50
415
43
40
19
45
32
261
33
36
174
26
28
19
36
35
45
42
181
94
22
24
27
123
19
79
55
*doc41:TinMoi.vn
27
12
36
3
27
25
1
218
12
14
184
349
44
113
144
9
4
22
67
5
3
37
65
11
34
19
25
6
68
10
85
38
61
3
130
28
63
23
160
13
46
1
79
126
44
37
81
72
275
7
13
61
47
44
143
1339
26
206
22
87
28
22
13
35
136
11
10
87
129
8
237
521
10
26
24
285
102
8
135
3
12
51
2
31
6
61
21
12
11
137
39
32
10
59
24
42
219
67
1
74
35
132
70
24
29
15
22
35
17
10
20
58
109
55
15
34
43
10
9
20
14
60
60
471
61
31
59
64
19
4
90
94
4
61
91
81
16
5
50
6
74
12
12
14
32
13
10
6
3
2
17
2
26
13
16
84
14
28
52
20
36
62
5
1
20
14
32
47
102
15
12
5
10
7
32
16
3
26
1
11
9
3
4
55
8
26
7
20
12
35
20
33
19
1
27
6
9
3
10
15
10
26
16
69
4
5
10
8
2
12
35
28
11
21
46
8
21
6
37
23
38
1
13
15
5
6
9
3
19
4
16
16
121
34
18
10
65
24
11
75
27
17
45
1
55
36
7
42
32
22
4
7
12
34
4
60
7
21
11
23
2
12
16
4
23
5
14
1
7
24
2
3
17
37
8
33
*doc42:ELLE Vietnam
7
372
70
38
35
46
348
90
165
76
90
14
18
256
104
445
23
462
320
521
901
414
3106
116
374
292
468
546
1371
470
2517
1166
3911
373
115
10459
223
1106
5913
63
93
2454
139
78
275
184
5644
202
518
144
944
890
144
6133
142
97
21
96
750
3681
748
85
89
1959
58
808
33
269
3180
68
377
704
699
57
640
84
44
172
72
309
85
26
12585
49
131
32
2147
68
1327
41
398
53
111
684
1283
96
80
38
1000
68
85
886
233
72
26
1200
636
31
29
104
32
504
22
1506
70
92
1087
110
180
48
4153
63
168
12
1127
50
150
29
598
108
151
623
35
4174
62
146
105
167
323
1869
17
458
25
81
191
89
78
292
102
4385
45
93
49
502
1218
64
110
24
1106
36
1100
145
650
56
27
38
876
123
66
90
223
24
1027
38
78
31
96
33
33
28
4779
199
901
30
120
30
28
2806
352
83
78
185
350
40
1300
62
100
3816
110
67
553
49
28
998
38
505
41
25
38
3035
61
25
248
97
189
41
27
1400
109
109
29
334
13
33
32
*doc43:Kênh Nhạc Việt
34
121
836
140
7
377
357
56
76
32
282
346
22
205
43
45
657
58
65
129
453
19
749
280
295
88
97
180
39
1363
296
149
64
124
552
98
10
1850
86
76
50
134
151
21
1250
2766
11
66
47
1003
3397
13586
1039
1636
3553
76
30
78
72
125
1154
15
965
120
2032
2596
142
399
1266
558
630
115
1436
1020
662
3413
584
182
738
5067
667
1996
248
2148
180
1784
20011
22
51
5371
251
3587
502
1941
101
53
805
10
81
605
1563
299
78
160
617
1057
336
1102
955
253
664
100
3909
3184
3871
469
1260
372
3477
977
4877
344
8653
626
7253
1045
367
796
49
84
249
39
44
101
154
1296
515
677
348
186
1502
184
369
266
1263
232
*doc44:Marry
14
8
65
306
70
1329
26
91
84
37
221
49
54
354
227
240
1146
15
1880
312
192
24
302
86
381
103
98
6
376
644
55
542
109
28
4
869
336
547
919
106
5
250
384
332
1284
258
960
342
339
155
5300
18
433
1000
261
3122
1757
285
306
1498
213
313
9
1099
270
530
1004
1448
403
12
490
*doc45:Xone Radio
42
161
365
13
17
51
17
75
23
31
65
759
54
60
96
46
1363
171
355
215
23
1527
13
24
111
95
12
54
34
559
12
22
449
27
111
34
7
465
29
161
570
30
9
183
233
83
29
28
50
63
65
37
19
76
73
287
22
27
87
95
20
38
45
21
229
22
302
29
45
26
26
31
196
26
30
65
28
65
63
62
60
50
92
63
32
460
39
31
270
522
744
61
93
131
36
913
10
69
119
79
20
112
76
43
338
155
53
80
31
33
70
234
33
28
574
36
402
45
35
39
71
37
24
703
27
283
35
83
99
51
23
*doc46:VTV - Đài Truyền hình Việt Nam
11
26
26
44
966
2305
1469
226
122
64
137
47
326
144
74
151
321
49
92
55
65
114
50
22
140
395
1346
280
49
134
178
53
586
95
97
328
330
422
183
343
74
719
1658
56
56
678
730
59
296
9071
44
275
212
97
118
91
1050
858
5670
224
67
481
166
36
66
107
133
66
2906
71
52
448
103
173
339
69
63
4793
91
1766
330
248
237
53
64529
97
39
47
38
461
194
41
388
4558
5320
169
263
2465
65
851
989
2840
42
1136
254
619
82
531
25
310
5066
333
689
513
278
669
36
973
459
172
1818
133
140
133
809
62
123
10146
129
80
113
372
321
30
88
659
14560
323
341
120
630
118
253
798
369
600
398
794
60
293
204
31
558
40
1618
100
356
63
353
163
43
792
1436
49
731
244
253
61
773
115
75
134
2277
682
122
123
76
241
62
62
456
472
672
1314
32
3720
157
1126
41
135
64
773
75
127
117
312
1144
110
249
61
58
132
188
47
300
233
739
1477
140
29
6076
122
51
192
1160
325
36
41
535
3677
260
285
56
73
124
128
858
184
10570
1526
152
98
32
439
711
1197
1312
588
718
2075
223
109
48
7514
77
691
355
256
748
28
740
265
6038
52
297
827
337
47
343
1717
6714
580
58
1102
662
33
1536
151
37
151
668
595
3171
97
165
168
4456
81
100
803
295
71
49
1320
111
160
197
358
190
102
151
1023
109
709
561
61
235
140
119
34
111
31
169
577
135
248
287
354
162
1036
436
252
5941
183
251
215
31
5278
75
64
411
68
75
99
364
131
90
84
9768
80
218
166
156
39
394
289
166
2521
702
266
1185
160
89
64
153
4305
108
530
368
697
152
38
166
5255
4702
100
106
45
322
2906
462
*doc48:Tạp Chí Đẹp
300
89
15
35
256
29
33
96
25
36
22
13
32
15
16
120
13
30
26
629
160
149
148
10
29
138
7
495
180
*doc49:Giải Trí TV
2
5
2
2
0
15
4
12
3
20
5
101
0
3
18
8
6
4
53
4
23
98
3
49
0
8
46
6
5
2
14
6
114
4
13
6
33
18
11
14
3
10
36
7
0
37
9
48
20
2
8
1
12
3
67
9
10
15
53
0
2
2
23
6
6
4
51
26
9
42
6
4
4
5
10
6
4
13
7
2
5
13
3
13
35
1036
4
11
15
8
4
10
7
1
10
6
15
19
14
4
3
8
2
0
12
3
5
44
6
37
10
28
9
17
7
1
57
2
17
16
7
25
6
1
12
48
52
13
16
18
12
7
8
43
0
9
4
553
7
16
33
54
8
7
18
14
4
8
8
12
6
7
15
11
18
24
9
8
14
7
8
10
6
26
13
7
7
7
3
0
7
12
57
2
24
11
54
8
5
7
16
9
4
4
14
7
8
9
6
12
15
1
7
5
5
6
17
6
21
13
11
12
40
2
8
7
6
3
8
6
5
6
14
68
3
8
34
8
6
2
4
1
3
5
1
6
3
2
9
84
6
6
5
35
4
228
8
14
4
2
23
29
2
2
0
25
15
4
18
0
36
4
13
6
6
5
5
64
6
6
2
2
28
8
11
8
45
20
20
5
8
3
8
186
9
15
23
2
89
19
8
14
6
13
8
5
112
4
13
18
158
12
11
6
4
15
2
4
51
36
11
9
30
3
7
3
13
9
2
11
6
17
1
3597
1
11
11
10
30
11
0
3
7
12
11
3
12
5
3
11
15
25
20
14
8
0
8
2
33
67
51
8
48
54
18
26
24
40
8
45
112
36
2
45
10
*doc50:THVL - Đài Phát thanh Truyền hình Vĩnh Long
23
20
4
13
2
8
157
27
30
24
49
15
13
4
1
7
11
7
10
6
1
7
4
2
59
53
1466
15
10
21
15
13
1627
84
28
91
22
10
67
314
13
7
4
5
2
5
8
2
2
12
3
4
2
26
14
17
37
4
4
12
40
14
3
9
22
8
26
1533
17
21
9
80
14
4
6
3
21
1330
47
25
55
26
27
25
2330
28
34
37
4
26
19
16
28
26
66
19
25
5
1
1
1
2
1
1
1
2
36
36
70
25
5
12
9
3
69
1878
38
11
12
30
148
22
18
13
5
6
4
6
50
29
1463
34
2181
993
45
66
28
9491
17
48
20
22
31
300
1015
30
15
10
4
1
5
69
81
19
10
5
29
24
39
14
8
640
28
15
11
7
12
2511
144
200
34
14
21
86
59
31
12
10
7
9
10
14
9
6
31
41
642
28
16
18
11
18
1057
21
12
47
12
27
88
20
7
8
13
29
23
28
13
54
72
1227
33
14
12
12
3772
39
24
1300
32
40
149
43
17
46
10
29
11
17
58
6
3
5
483
3
20
23
14
20
55
788
10
14
10
2742
100
26
31
25
19
17
27
85
20
55
280
29
19
23
18
12
8
3
15
21
9
13
11
7
14
26
4
53
30
40
17
11
91
39
78
33
18
17
1724
31
19
6
20
77
152
64
27
20
11
58
64
2251
21
23
91
477
136
48
20
11
14
6
3
13
3
3
1224
176
76
47
15
15
25
6
10
2
2
1
97
78
1924
27
18
6
12
1969
4196
38
8
17
2354
194
20
190
290
35
228
23
12
29
13
63
3
2
3
3
3
4
17
3
9
32
6
27
11
7
4
8
109
12
10
10
36
3084
136
59
24
103
15
20
4168
23
6
1
24
12
427
2054
11
2
1
4
12
17
77
56
12936
10
8
5
7
3157
10
42
75
29
5
9
2439
35
37
12
35
3
10
36
18
11
9
3
25
3
2
6
1
3
3
5
4
7
19
3
2
1
10
8
8
7
126
5
1142
10
7
14
11
7
25
66
34
52
956
276
3
1
16
3
47
86
9
1
2
22
26
1
4
40
24
27
2045
159
14
10
76
994
30
31
47
85
228
3
5
*doc51:VN Ngày Nay - Tin Tức
9
517
128
594
1169
22
8
4
4
26
342
198
280
221
139
1168
3369
415
490
1784
73
459
1080
3362
222
281
635
260
1492
1571
60
807
227
735
140
80
731
90
302
322
574
1043
1211
185
339
150
156
10
17
16
10
164
103
2021
162
147
94
98
410
154
320
119
111
136
393
145
55
955
30
12
2
9
252
*doc52:VTC14 - Thời tiết - Môi trường & Đời sống
126
23
42
42
114
63
213
126
79
47
55
107
95
1167
282
139
112
737
640
65
44
105
116
1072
119
137
600
69
119
58
427
288
1310
540
181
1286
308
548
2570
734
574
85
283
111
208
210
936
45
78
498
160
315
48
396
7795
7795
34
803
645
493
638
170
43
53
40
55
76
93
100
58
53
321
1775
121
2177
322
46
56
563
495
99
62
274
280
308
2279
120
68
38
103
1363
1963
6658
26
2158
95
1378
62
447
799
58
386
32
46
115
71
99
189
103
1159
39
165
1572
109
387
31
1141
182
664
92
538
563
37
19
5226
828
212
193
250
191
277
768
141
45
44
165
1258
4123
1288
78
233
81
181
464
785
191
63
45
48
118
180
91
783
82
48
54
26
2012
2980
5144
146
331
625
71
843
31
127
1504
3653
74
212
57
73
119
157
656
56
339
215
995
3176
86
65
5866
388
335
587
167
25
59
228
104
178
35
62
87
84
247
40
447
2035
549
88
1021
324
1055
301
360
38
362
117
57
51
180
110
98
1265
148
114
83
46
46
396
1222
23
2794
2958
140
210
104
482
507
55
68
155
36
87
51
74
87
185
147
34
109
134
1645
101
3476
1998
226
79
1773
318
563
809
33
361
85
667
871
91
327
655
53
50
87
4308
214
230
250
32
220
56
60
491
659
217
290
74
157
1306
103
50
81
78
60
70
53
44
93
3657
1688
465
366
85
636
83
16126
680
1110
31
2262
485
96
68
730
1443
103
89
49
287
113
62
52
6037
1750
496
147
103
626
789
56
221
381
211
207
36
188
116
1318
104
865
148
55
59
638
73
4890
155
28104
254
91
110
794
690
661
152
57
459
848
195
1929
69
57
103
241
125
105
2787
432
147
44
811
54
103
266
205
726
570
553
68
35
108
61
80
162
43
2085
103
216
57
44
1114
1411
82
4042
5258
373
119
519
584
133
83
109
313
99
146
839
58
4146
1129
1748
80
559
360
738
818
1169
736
910
43
559
90
18
694
108
550
61
292
76
202
2715
201
51
145
43
159
2670
820
714
43
110
164
119
173
27
253
64
47
153
50
54
92
186
1216
1308
940
687
7445
568
480
*doc53:Let's Viet TV
4
52
7
389
22
10
8
5
6
53
159
29
33
*doc54:Soha.vn
7
6
13
38
225
61
465
265
17
42
5
12
630
94
41
1179
136
59
21
24
17
144
1342
188
70
27
16
304
14
401
50
241
62
526
11447
10
84
21
44
368
118
24
424
88
882
50
65
418
72
87
11
40
16
54
99
132
122
209
640
16
795
346
31
2508
89
175
176
44
43
49
19
391
53
300
11
46
14
9
138
98
383
37
20
2053
16
6
24
34
48
47
5116
252
136
164
49
233
44
76
114
149
42
345
137
29
49
78
34
82
537
280
100
4741
25
737
9
44
34
164
26
224
2026
1895
48
349
2997
571
137
38
52
18
319
2460
526
415
59
25
584
78
157
40
78
52
1211
271
15
92
93
35650
12
487
13
4236
174
1886
202
655
26
104
52
111
231
11333
18
16
95
88
116
288
125
68
14
21
90
971
9
225
150
25
14
195
37
14
25
167
99
61
59
766
105
111
16
3770
165
125
127
61
13
164
462
135
4
7465
35
122
64
9430
37
26396
192
43
16
20
400
4566
272
58
157
126
117
14336
22
168
141
232
17
157
213
42
4942
262
11
4
285
7383
456
906
119
154
11
358
1086
281
2376
60
46
15
325
55
55
11
34
39
169
53
93
657
69
207
3146
7
485
345
2779
95
126
52
76
78
784
459
43
84
4042
2455
64
71
89
22
79
86
29
29
61
19
687
23
110
31
123
135
124
475
158
24
78
118
319
86
45
4651
72
258
13
119
281
98
29
326
94
43
258
4679
1048
19
35
145
13
79
35
24
108
337
31
259
14
2121
26
21
25
14
37
14
4720
178
226
461
681
57
75
34
970
13
42
107
332
108
150
42
30
5292
8
33
278
19721
3892
146
22
54
16
175
22
4428
1552
7
159
125
16
76
2801
14
577
10
22
9
39
74
286
27
68
128
97
59
83
1953
2986
191
108
101
17
82
168
21
6085
101
538
60
864
317
173
148
85
1129
238
2819
2021
210
81
5346
486
4291
1190
13
191
166
470
347
80
76
766
57
137
277
26
1310
3526
2947
8
51
54
141
3
27
162
5
95
40
33
456
31
16
6388
17
79
31
473
259
24
47
652
41
2951
472
1206
1355
657
76
29
31
470
277
548
*doc55:Sinh Viên TV
12
134
444
473
48
201
11
141
5
55
375
1055
98
111
16
613
28
21
306
19
5035
234
76
1803
31
591
187
12
7
34
24
18
28
3378
13669
24
20
53
477
8
37
1674
38
860
10
1402
14
328
11
248
741
41
10
36
2322
186
54
446
83
2684
218
525
110
1366
2514
1403
138
4304
40
370
27
1390
201
333
34
259
1931
112
98
290
449
29
561
75
13
25
42
9
24
15
90
12
1308
769
56
6
15
6
2725
9
19
7
6
22
3688
462
1559
374
18
125
23
2284
29
816
642
35
761
450
76
62
136
1433
14
46
250
3758
226
129
26
32
2005
47
3966
4740
3857
151
256
1285
22
11
718
38
73
433
141
468
2830
42
80
602
1857
260
367
7932
139
674
397
821
10519
1926
656
1329
4573
31
148
860
759
1388
104
178
9082
55
159
391
307
19
616
*doc56:Góc Gia Đình
2
5
3
2
2
2
2
*doc57:VTC1 Tin Tức
89
299
207
108
85
220
194
247
111
1058
44
167
44
106
154
361
120
42
20
47
205
204
167
1517
277
94
12
431
108
50
93
63
141
258
5
98
183
589
63
48
22
384
426
13
514
31
33
143
168
285
63
484
160
149
71
1204
18
109
206
99
22
648
306
770
358
1204
1195
96
218
45
331
843
129
378
108
118
1841
461
191
54
1394
409
381
157
480
152
373
84
68
55
137
110
204
263
325
13
124
190
171
283
232
2449
70
87
176
12
579
251
99
291
453
66
116
84
754
247
176
4874
350
56
106
1698
210
155
48
115
540
789
131
63
161
196
480
86
33
54
72
105
281
169
258
760
138
472
274
4204
78
152
192
300
105
201
*doc58:Báo Thiên Thần Nhỏ
61
39
353
26
14
9
236
26
13
*doc60:Trên Đường Pitch
352
2056
701
5816
7463
3134
4117
4946
1278
1102
596
907
1466
1675
592
1069
928
1097
5089
1205
2411
1990
1478
2335
1560
1866
4378
4249
2996
4247
3775
4410
1199
1693
2134
6703
1842
3147
2171
1081
522
1432
756
6337
798
1111
1078
1501
417
62
1562
1796
987
1601
5159
2182
4391
393
4607
4292
3672
4829
4512
6094
1041
3379
1244
2347
2390
2177
4861
1705
2562
907
3180
8395
4237
1554
2910
5057
2381
1202
1064
1141
1788
1002
4797
7740
8895
1651
3179
1205
1993
2337
361
1599
2250
11402
3740
723
2568
6647
4334
1526
2952
1923
585
4986
3102
2649
1481
1882
1699
2568
2387
1696
1429
4454
7217
1484
7337
6406
3081
1650
1363
4227
6671
1629
3416
1935
1893
2971
1923
2746
507
4972
8438
8778
1327
2566
2649
932
13410
1894
2525
6916
2502
1244
19915
2146
2676
2398
3764
2108
1160
4290
11578
3254
3354
9320
2244
3062
1133
7324
2089
2616
1293
2478
9825
6279
561
1681
5444
7562
1099
1742
3386
1027
2685
2178
2320
6869
5472
2605
6528
886
2014
694
1157
470
4609
2220
4997
1181
5785
4310
6814
2498
2895
3481
2498
2744
4825
2565
6856
1481
5500
2402
7903
1148
5023
1860
2555
3903
1695
1157
4506
5188
6363
3841
2190
1911
2608
5463
5017
979
3437
2353
1420
1193
4333
203
2211
4221
11534
10503
10501
10096
10725
4055
17094
8798
1608
9099
4197
4970
9794
5854
1702
2595
2564
3286
362
1072
2271
4389
6135
2167
2309
4643
3283
3147
1747
5232
4510
821
2120
3114
7142
4369
4773
821
3104
5999
6151
3527
1060
492
5161
3007
1510
1629
2658
980
1804
3987
5778
4890
2605
468
2223
4549
8387
2565
934
1245
3344
1655
3852
6307
3838
594
1153
7080
1779
4007
10149
2681
1723
4714
3908
6818
7672
2661
4742
4621
3655
1663
762
449
587
7239
1770
2820
2372
1842
2073
1616
998
566
1798
920
1225
1368
2328
2402
3775
2078
3004
7532
4759
4312
2837
2460
1298
427
828
1026
2316
5328
615
1932
8706
1287
2692
472
4159
2385
2814
4519
1451
2720
3968
2850
2379
2308
1981
1814
905
1704
2991
6440
2521
2441
4947
1863
3284
1949
3959
1853
3543
4516
1036
8364
4174
1893
980
4106
1117
2018
4570
2495
417
2059
10732
1816
1069
2180
902
2311
4575
5579
2332
757
2935
2077
368
305
2659
1101
7721
1693
3136
470
6814
2608
3283
*doc61:TripZilla Vietnam
5
34
3
4
10
43
6
52
6
35
38
3
48
4
97
29
2
45
5
63
33
9
28
46
5
16
*doc62:GenK
12
67
124
23
78
96
54
68
547
168
831
66
28
71
68
37
38
29
37
45
186
50
61
55
6013
108
143
50
45
76
35
63
7263
4355
139
36
81
47
57
136
622
282
75
82
133
62
60
649
2505
350
176
43
480
3690
327
43
38
24
965
435
4949
74
3246
647
235
2291
33
217
1299
4266
406
154
72
1430
52
387
802
66
107
50
109
1236
92
8073
487
4321
826
83
2258
29
54
33
106
113
55
34
55
1436
151
34
56
345
30
102
1120
1066
111
699
133
143
147
91
120
135
5286
69
49
35
61
49
27
3070
55
115
4682
687
53
114
2766
10444
331
956
118
1338
759
57
50
998
63
214
47
371
1457
141
256
4153
84
42
118
185
94
115
50
2756
68
342
93
946
41
59
390
38
3493
73
136
3917
817
56
144
43
58
468
64
44
49
66
210
2191
108
61
40
564
545
248
665
440
300
39
28
44
220
755
36
54
240
4178
1617
137
17
3436
844
1829
1881
5786
74
470
90
266
5884
135
1031
39
251
51
3585
215
2383
1239
71
75
8013
5796
92
409
1030
10420
146
118
131
930
58
62
34
236
474
112
817
88
78
32
604
406
55
1075
344
87
64
114
402
95
226
1472
34
46
3716
181
1039
66
415
794
220
1747
57
118
36
117
1668
160
251
427
1328
1892
154
92
331
17
5796
604
114
6027
*doc63:Báo Lao Động
5
55
3
7
34
17
6
128
16
16
76
44
23
7
6
48
9
143
132
17
5
6
4
55
78
33
10
7
2
7
11
12
25
179
14
8
131
6
7
18
38
3
1
9
36
25
59
16
5
16
26
3
27
18
105
68
39
7
46
30
8
10
175
10
345
9
16
62
71
17
11
112
29
71
84
5
72
5
4
98
49
46
506
35
23
11
4
16
11
21
192
8
26
8
2
45
2
15
131
216
19
20
25
8
22
60
4
3
5
5
9
0
1
1
51
1
14
26
3
5
36
3
49
3
12
4
10
12
4
26
3
14
3
38
26
4
7
524
51
80
38
11
129
14
36
126
35
8
25
88
34
118
31
10
159
3
351
5
20
21
17
37
29
69
152
20
308
8
95
49
17
22
11
3
21
17
11
66
11
9
9
111
44
3
21
37
19
12
10
13
10
101
14
339
52
24
10
36
13
28
28
54
23
242
18
55
65
47
19
133
133
107
22
22
24
36
90
10
40
14
9
28
309
21
4
73
23
6
4
20
29
10
36
5
13
58
8
2
24
5
9
13
4
2
20
15
21
16
556
14
17
77
97
22
18
3
10
12
45
3
16
21
22
17
78
44
6
11
143
21
15
8
15
5
24
1
119
19
10
138
7
3
148
8
8
7
63
41
49
16
1
412
12
8
3
86
75
7
10
29
15
37
88
231
87
20
50
19
54
10
11
14
18
157
8
10
26
32
76
25
27
32
63
14
48
8
61
11
32
69
377
172
32
31
27
7
10
32
30
21
23
15
4
174
11
106
31
9
4
18
37
12
7
26
13
17
13
82
66
1
17
26
50
41
39
26
17
15
8
42
66
20
99
19
128
45
106
37
28
44
34
17
47
17
48
23
15
82
3
5
7
86
33
13
59
29
38
9
129
27
2
576
506
45
50
9
29
22
17
19
8
67
44
101
504
504
111
246
254
7
2
8
50
8
7
5
10
11
467
74
5
16
142
25
136
4
17
22
63
13
34
3
59
1
51
84
7
160
28
8
26
25
39
19
16
968
26
4
6
35
36
22
136
12
11
134
2666
11
34
32
21
48
13
6
373
373
22
7
26
5
117
2000
30
9
16
21
27
198
14
122
219
18
45
13
6
8
396
82
7
162
6
8
179
25
26
36
377
23
21
198
4
508
10
12
15
22
134
25
2
*doc64:Tuổi Trẻ Online
0
3
174
12
27
45
26
11
23
204
10
45
19
16
244
38
98
237
186
48
42
32
31
27
4
17
31
825
612
104
260
123
25
7
124
37
11
37
17
15
80
19
185
366
36
1230
515
16
67
42
53
113
13
45
27
95
7
37
25
8
45
474
278
16
3
71
190
160
21
786
26
12
10
463
17
27
15
39
11
865
556
39
168
120
71
24
7
299
14
19
161
23
344
352
39
535
11
32
48
11
39
124
58
70
20
52
324
159
55
26
125
72
30
173
343
31
47
1005
199
17
31
125
796
48
623
132
40
63
1017
20
140
82
262
7
121
453
3
28
401
48
67
5
17
35
622
56
341
272
76
10
81
37
86
558
9
435
197
90
514
42
45
29
691
16
128
1124
174
172
235
160
16
33
493
196
73
21
125
30
26
199
20
62
26
17
387
22
15
26
207
14
4
49
403
497
424
20
37
131
10
51
54
51
214
9
142
17
94
24
23
27
18
302
1324
79
13
41
31
38
242
28
465
6
69
80
6
39
38
1189
25
46
40
27
88
488
50
5
61
43
4
334
14
13
204
21
10
274
7
168
1
7
48
19
9
6
8
38
16
39
530
9
8
8
38
78
29
196
94
260
35
18
97
46
40
79
12
82
186
46
47
38
59
83
28
37
275
157
34
181
87
766
55
26
109
1349
32
237
7
33
223
37
29
18
14
28
102
367
300
77
171
59
5
51
52
14
5
29
152
61
68
67
161
342
49
28
45
107
27
14
403
44
8
550
51
15
147
456
71
156
68
641
750
55
498
7
285
99
16
15
34
5
44
214
66
32
33
120
39
7
1007
71
63
12
168
87
14
173
101
84
29
96
43
28
13
262
65
68
562
10
4
130
19
18
19
25
11
5
41
165
12
139
40
66
286
14
40
31
95
77
10
12
114
31
86
34
38
15
295
11
70
267
6
17
83
151
50
22
29
11
11
20
15
36
35
157
18
10
12
22
820
28
103
20
80
225
24
7
83
43
47
43
18
50
13
23
167
44
31
376
100
20
23
25
54
188
7
154
25
150
339
997
25
8
18
188
22
7
3
7
4
17
58
337
139
16
23
12
468
6
122
158
18
69
11
76
28
147
16
8
10
44
35
11
413
34
156
317
210
1124
160
29
68
17
11
12
14
79
27
42
445
378
30
17
90
82
*doc65:VTV24 - Vì Tầm Vóc Việt
70
130
10
365
0
10
40
20
73
40
200
20
40
100
220
60
70
114
250
40
93
3
130
10
60
30
153
30
73
30
20
293
90
50
30
146
166
60
10
10
323
103
200
10
60
0
*doc66:Đông Tây Promotion
13
14
75
62
105
16
58
35
49
50
29
489
19
50
35
697
111
84
78
32
103
14
246
136
22
118
100
31
211
40510
161
133
8
22
562
76
2962
113
288
162
40
70
35
295
16
196
43
74
38
58
23
112
8
169
439
93
100
55
1239
123
9
240
71
764
46
32
229
1003
12
20
172
18
10
30
31
6
2730
1724
1442
64
23
51
2606
64
101
13
1000
79
283
253
14
819
326
114
67
16
5375
1436
20
119
94
38
8
160
840
2203
25
32
1621
74
22
2729
49
887
1733
22
72
51
14
12
42
31
706
30
14
505
12
287
33
9390
69
11
1106
22
11
34
929
55
27
*doc67:Game8
1
5
52
15
10
16
2
122
210
50
37
3
0
2
120
6
6
27
20
20
175
248
15
3
13
3
136
46
2
0
180
4650
169
32
3
3002
1100
4463
5617
65
3733
7062
597
370
64
*doc69:Sức Khỏe Gia Đình
0
100
163
340
270
293
223
583
270
360
373
863
1276
289
670
670
220
226
110
3052
140
390
270
326
1870
753
353
100
383
243
240
5724
210
1070
2182
933
643
1633
638
200
170
2165
456
330
260
690
280
110
220
290
290
220
1081
220
463
290
240
585
190
4405
841
60
620
300
1000
143
190
2299
3283
190
1200
330
1150
333
300
530
290
250
273
100
356
260
500
243
1006
70
885
380
573
613
170
450
4058
140
900
1030
809
1709
530
563
100
495
220
1370
606
3311
903
620
300
20
300
110
1070
996
850
1298
673
100
270
283
160
1217
90
3115
180
590
290
420
560
390
220
563
90
430
6449
100
2814
280
230
1083
900
510
30
363
443
180
1580
910
490
70
380
820
370
460
973
290
1183
710
790
1108
890
670
503
530
300
2660
2078
170
1764
70
263
240
110
1280
540
620
1110
123
193
2292
120
633
313
220
163
773
220
426
120
590
43
233
259
4070
1503
80
412
120
120
1756
140
220
443
350
466
790
50
2189
1123
1593
755
288
170
80
430
133
190
2697
363
2880
790
1675
100
240
629
183
260
1476
60
200
968
5928
160
450
213
490
60
290
150
377
200
100
720
1403
4363
200
570
1050
3151
210
326
100
43
*doc70:HTV - Đài truyền hình TP.HCM
107
341
3375
32777
114
28
33
19
155
25
17
29
31
116
4061
161
56
4136
52
216
11
6
123
34
26
4121
32
22
56
127
349
132
44
67
22
192
48
281
22
79
116
352
57526
61
127
1218
385
156
9
674
30
271
630
34
133
90
265
197
21
30
181
76
25
252
96
442
14
65
508
*doc71:SCTV9 - TVB
31
31
530
45
306
51
104
141
166
54
568
98
315
477
69
547
406
834
497
975
645
1381
373
350
145
542
170
274
111
779
80
302
107
2514
94
301
100
448
213
456
487
1032
247
1972
328
444
560
1227
507
796
1372
454
945
244
872
104
252
120
4739
829
867
222
197
204
64
2586
1180
500
224
223
66
1063
514
1696
95
215
74
692
431
110
338
195
61
943
1299
1105
1762
472
75
118
350
64
1202
1190
648
207
57
1559
262
78
194
902
54
619
978
820
1078
126
294
83
621
1084
96
329
72
1408
2750
581
*doc72:danviet.vn
6
5
21
15
2
17
121
4
19
7
932
10
185
24
9
22
39
116
34
76
16
88
142
12
285
6
277
3
22
28
72
21
332
7
4096
17
19
15
3
24
19
82
535
46
14
5
32
43
15
5227
27
124
9
12
33
22
13
1201
18
2380
118
8
299
463
11
10
81
432
11
184
2
9
14
18
301
114
221
26
4
46
212
40
4
13
331
53
345
9
175
66
28
74
66
85
43
4
3
17
13
72
15
30
36
162
80
19
24
1224
23
21
9
19
56
185
23
41
68
19
1263
148
41
139
33
21
21
21
10
92
36
10
114
1405
21
9
12
337
29
24
19
82
10
132
12
155
32
133
35
14
248
5
9
11
59
412
7
84
240
24
16
64
48
167
24
180
438
46
70
684
16
10
12
101
52
116
40
85
515
151
16
35
108
52
50
27
96
220
100
7
24
31
13
112
18
198
233
20
74
73
14
49
183
50
7
459
102
75
11
56
51
120
11
18
118
38
13
12
226
8
59
12
19
66
466
40
17
19
156
525
62
151
15
6
28
17
11
261
8
956
16
133
50
24
248
4727
271
85
6
75
66
18
10
67
7
129
441
301
115
6
35
1460
67
18
150
22
54
249
27
40
7
8
33
6
130
21
16
74
10
17
118
95
57
41
35
28
9
12
9
20
20
582
7
61
563
299
15
71
260
760
14
148
38
20
11
8
180
5
29
17
286
54
351
52
19
21
38
36
74
60
17
1
279
27
21
11
18
57
65
1
199
616
5
3
225
101
73
14
8
14
6
103
6
25
28
299
26
42
88
91
5
306
11
19
*doc73:Esports TV
1
1
6
3
2
6
68
378
201
*doc75:TVAd
5
8
87
8
269
10
18
10
74
10
6567
33
167
14
16
12
51
488
14
86
163
20
62
16
25
244
223
11
8
30
213
48
63
38
15
65
21
71
57
27
391
23
242
25
28
16
18
52
157
124
639
45
5628
129
29
34
88
17
1221
18
13
59
75
25
137
7662
17
6983
309
26
17
52
3
34
47
673
75
21
14416
6
17
28
11
45
41
51
80
139
64
213
443
29
136
141
59
7
15
3438
117
150
47
22
17
26
2693
10
26
23
100
26
6081
18
35
4596
21
18
43
16
59
19
19
5
14573
9866
87
26
761
45
24
16
310
86
87
21
76
330
13
21
18
150
20428
55
142
81
22
11
21
182
14
7
931
3745
80
88
248
23
18
46
19
104
22
852
50
122
5430
43
3492
24
31
20
30
222
40
25
324
27
20
37
20
99
11
3546
20
6701
157
31
185
19
19
9
250
22
1663
11299
3098
115
16
79
25
3181
66
6
114
15
4465
107
8660
59
54
155
6
13
33
13
213
33
67
12165
91
30
5265
25
18
41
26
11432
20
97
29
13336
35
21
62
65
2798
8
109
88
19
4802
29
23
28
96
*doc76:VTV3
24
151
153
66
257
48
1982
24524
388
32
138
8317
2734
6608
351
299
263
203
107
121
777
565
226
55
801
1040
6890
1251
3560
87
8471
188
15912
174
1977
470
666
151
1447
918
302
123
436
9274
356
1157
70
191
67
23256
3242
95
1679
40
212
343
1942
365
98
246
11282
93
481
145
5033
148
233
139
5918
81
100
6707
8356
3565
77
1024
513
102
90
757
921
1315
1436
432
72
71988
868
8340
8059
80
90
119
125
10294
46
96
80
721
2018
4890
11408
785
78
24354
18628
4399
254
7078
171
10405
191
3436
96
211
159
44910
554
324
133
295
6484
461
5914
64
830
2121
940
700
400
160
718
2144
14014
7551
559
3591
557
535
757
2428
4199
6499
706
1148
460
454
200
4242
99
225
746
76
96
11135
143
2142
27724
1893
555
9007
264
87
5189
212
192
89
116
241
854
1421
1564
751
947
3184
106
106
1027
758
400
4652
39293
223
135
243
248
1215
237
162
97
7214
83
37
159
55
29
188
108
87
21420
288
53
4334
7710
62
13771
74
88
48
2184
85387
806
414
385
853
282
5222
887
904
253
150
32
327
2791
59
84
13168
90
17222
726
103
180
32717
574
350
67
28740
1611
550
1163
5835
148
2793
204
21729
1133
390
1695
780
16509
839
1030
1013
12186
155
735
104
3407
98
210
8824
5250
70
448
36661
324
1730
270
143
98
10477
871
106
1515
97
23678
3126
202
157
157
4908
290
5254
176
342
115
10249
102
9772
599
19900
2296
221
322
1026
14531
3974
84
803
2345
8780
1469
184
5933
206
56
17525
26
66
123
697
79
31
856
1457
3148
2129
71
52
8856
26310
20241
9590
3374
303
76
1653
1009
34306
2589
559
732
665
76
8717
470
294
16083
111
220
17440
535
5250
105
1351
8471
6707
18628
1148
9007
13771
88
*doc77:L'Officiel Vietnam
7
371
11
11
59
25
42
87
42
4
32
124
49
46
71
59
20
44
190
86
69
36
22
9
122
20
143
27
77
34
33
162
5
6
78
36
30
25
27
466
37
9
370
32
9
71
7
61
24
547
88
30
82
95
14
58
245
10
123
3
257
106
200
36
93
213
186
*doc78:VNEWS - Truyền hình Thông tấn
127
14
11
5
29
313
264
7
33
33
22
15
11
28
25
75
43
85
57
8
11
16
13
16
112
103
43
3
20
23
11
9
6
17
7
7
9
9
23
44
12
4
26
9
26
25
75
9
10
67
48
111
43
17
25
104
6
14
15
16
9
14
22
22
8
9
8
15
7
39
4
21
16
305
30
60
13
7
15
10
114
67
91
41
11
39
4
8
8
18
12
7
42
25
6
18
12
250
15
17
80
4
14
21
9
13
18
12
20
16
16
58
11
17
9
13
6
18
12
20
7
17
14
20
23
11
19
20
28
76
17
14
124
20
52
20
482
80
63
20
10
60
117
34
21
19
184
32
20
12
10
14
42
19
96
59
21
16
12
26
15
11
12
25
48
6
14
30
30
14
12
26
26
31
42
2
25
25
42
93
34
24
219
16
137
11
40
3
25
31
45
22
12
16
24
53
5
399
5
13
16
14
11
27
35
1
154
45
831
45
17
65
20
19
22
218
92
85
26
13
90
29
8
11
21
50
17
19
14
56
30
18
665
10
21
14
63
41
2803
2803
9
196
5
12
14
10
10
19
29
12
17
33
715
194
39
8
55
281
9
135
5
12
18
34
22
491
65
4
13
79
154
79
6
22
52
4
13
17
42
107
17
24
54
6
65
49
358
66
28
39
92
68
4
36
22
51
52
44
155
32
124
66
643
30
34
18
21
61
17
100
6
18
18
9
27
58
31
78
13
108
20
15
24
19
130
587
165
35
16
31
85
5
11
16
19
40
8
31
31
51
17
108
9
24
22
188
142
16
4
14
58
161
40
254
51
24
25
34
181
17
77
19
17
208
9
3
23
270
11
7
19
21
141
17
32
30
36
180
16
5
1374
33
42
2803
20
123
66
82
109
23
22
5629
38
19
30
19
102
9
34
19
8
12
53
86
6
25
19
39
8
4406
15
11
18
63
23
19
40
34
19
12
14
8
38
23
33
17
35
53
18
12
99
4
24
21
111
80
56
79
66
165
142
161
102
39
37
63
53
*doc79:VnExpress Video
11
2
14
16
9
4
5
9
1
4
6
8
3
10
7
10
2
16
4
25
15
63
74
12
11
14
29
31
5
12
10
2
2
65
14
19
2
26
201
78
35
3
7
8
25
147
9
52
8
29
24
3
7
27
4
10
25
31
176
15
19
15
50
149
16
105
173
22
3
1
8
11
26
43
4
37
9
8
24
126
7
5
8
10
12
26
13
63
8
113
1
8
39
11
26
11
53
224
35
13
252
20
198
78
15
12
17
95
73
10
46
27
81
161
36
49
161
51
6
22
32
6
3
7
6
16
20
13
34
68
13
10
7
8
18
11
24
21
13
3
29
10
13
15
8
16
16
32
32
15
24
11
9
37
25
22
9
24
7
17
24
3
10
1
14
21
17
9
3
18
13
6
29
14
25
11
20
21
21
7
3
56
10
38
10
16
12
91
166
72
17
7
7
42
30
57
*doc81:Yeah1 Beauty
5
4
5
4
5
8
14
14
15
7
7
9
18
29
9
4
8
9
18
11
3
4
3
6
12
11
6
458
9
11
5
2
6
6
68
142
10
10
57
1121
11
10
6254
4
16
3
1
2
3
2
8
1
*doc82:LoveTV
0
0
10
70
90
43
10
50
10
70
150
40
20
10
40
40
20
110
300
10
20
40
70
325
100
30
10
30
76
20
200
310
1161
100
130
50
50
230
160
0
60
230
30
30
290
290
40
100
70
506
260
210
80
20
280
70
90
50
1335
613
110
130
213
120
50
420
80
130
120
130
30
310
30
20
446
20
553
60
474
133
50
46
162
133
10
230
70
563
60
100
20
200
403
40
180
80
170
20
180
80
0
270
170
56
50
680
10
4010
133
550
10
60
343
50
290
90
213
60
40
190
10
110
130
20
30
10
370
70
270
43
10
70
20
240
250
20
700
190
210
60
20
40
213
280
120
60
30
73
90
30
420
20
240
346
50
70
273
30
30
60
30
173
60
190
20
210
160
30
10
120
10
240
10
50
120
20
60
270
473
60
310
120
70
10
260
103
150
280
10
83
80
20
150
110
20
0
30
30
100
200
110
390
199
23
70
410
120
50
200
90
0
0
40
10
216
278
720
270
60
20
20
591
70
73
10
100
30
40
10
80
300
569
40
320
466
60
40
60
120
90
20
130
120
260
10
0
40
150
70
160
130
150
370
150
623
20
50
290
70
30
40
60
190
40
220
40
40
40
40
60
20
370
464
50
50
283
50
280
20
50
30
90
30
50
20
70
60
80
43
100
70
30
160
350
80
130
100
250
90
60
2073
150
70
160
90
50
20
30
250
63
60
708
70
30
233
20
30
363
110
628
165
90
525
110
100
80
280
480
220
20
70
30
80
40
110
160
120
186
480
80
60
510
246
120
80
70
40
40
30
10
250
263
83
230
30
0
153
360
60
20
668
53
20
30
40
0
30
10
20
911
30
100
0
10
1090
60
70
393
63
120
90
140
903
30
120
10
40
40
23
70
50
30
400
70
110
936
463
40
257
150
70
573
90
60
10
0
293
130
10
40
0
40
80
33
80
20
60
160
10
40
506
133
56
50
130
*doc83:Nguoiduatin.vn
1
2
3
9
2
6
5
9
14
14
10
12
28
4
5
1
7
9
7
13
38
6
24
12
6
12
9
73
13
188
135
2
5
3
25
376
13
208
11
8
12
111
21
41
360
13
13
36
4
50
6
2
251
50
15
148
38
4
27
77
92
43
2
19
11
66
4
23
26
458
69
31
14
46
391
52
8
212
95
38
6
48
15
19
24
14
26
14
31
28
21
68
6
366
75
46
12
7
11
18
20
167
38
63
21
40
10
25
17
36
7
219
58
120
54
10
437
30
5
149
17
65
19
16
3
28
23
19
57
15
134
61
18
15
8
49
66
62
1
14
137
12
50
32
6
13
55
102
10
12
4
12
111
71
5
18
6
7
58
190
3
38
2
70
69
30
257
6
5
48
5
37
59
43
9
6
104
8
181
66
66
67
36
9
89
13
47
21
94
4
12
7
4
24
6
30
8
7
43
3
10
21
11
18
5
25
*doc84:Netnews.vn
10
20
40
53
0
20
191
40
370
260
0
0
30
103
30
10
110
2642
130
20
944
240
215
50
160
240
183
210
40
60
220
430
160
570
40
123
30
70
243
160
433
313
70
110
10
268
798
988
280
10
40
153
110
20
200
90
10
40
120
737
60
0
370
30
689
110
53
313
40
230
180
0
670
1121
0
90
20
80
1055
30
20
83
203
20
1449
73
90
83
333
10
160
260
1708
0
139
50
50
40
585
330
576
70
163
120
845
80
991
1116
4978
200
60
30
310
10
120
0
106
260
160
123
53
165
200
20
205
771
130
200
213
10
70
100
103
363
1480
220
260
100
190
293
50
119
0
0
225
70
520
190
40
50
90
327
120
80
20
30
280
60
676
180
10
20
1263
10
402
130
160
426
93
10
150
233
143
20
575
325
30
30
70
245
180
183
310
20
0
130
190
1059
63
187
80
60
0
908
90
451
658
150
536
123
460
513
80
210
346
100
490
1391
276
140
50
40
109
69
110
639
441
304
276
313
539
140
30
183
70
253
1146
60
110
40
170
30
478
4096
10
200
403
699
573
90
40
311
130
140
280
90
255
580
90
83
96
183
0
0
1937
10
225
*doc85:Thế Giới Văn Hóa
0
0
100
30
0
30
30
0
0
10
116
20
205
90
0
103
300
70
193
1253
0
80
130
40
30
130
0
0
1729
1856
60
0
0
90
165
20
80
40
70
20
20
20
33
30
20
0
50
10
10
20
10
*doc86:Stardaily.vn
20
113
40
0
20
10
10
0
333
20
0
70
130
43
63
130
13
190
63
10
0
40
20
0
30
10
80
20
30
20
0
203
50
0
160
80
*doc87:Soha Quân Sự
69
10
19
22
26
47
8
20
22
38
38
7
57
9
76
15
132
51
20
18
13
25
34
37
9
46
6
23
4
24
37
51
72
24
62
21
54
19
23
81
15
13
15
21
41
46
22
8
37
47
17
37
12
18
14
20
53
33
25
32
21
12
13
33
15
21
6
58
57
34
29
28
12
55
38
13
48
19
25
26
51
46
80
20
29
12
25
63
83
81
38
12
142
44
39
28
14
50
23
35
46
44
50
26
16
33
2
112
40
129
110
23
17
30
25
25
12
21
13
31
152
26
40
98
16
36
39
36
24
33
48
25
118
11
34
114
22
15
33
24
39
14
20
21
74
34
24
42
47
19
16
98
28
46
14
26
44
65
6
10
30
40
44
105
59
24
38
21
22
7
57
19
24
24
35
17
31
31
16
27
14
9
*doc90:RFI Tiếng Việt
313
113
19
33
18
342
145
111
168
29
581
684
569
37
43
331
43
405
513
716
76
33
23
70
38
88
27
650
93
777
194
108
622
236
339
28
37
263
300
94
267
35
509
52
83
242
32
39
64
99
172
992
687
147
382
252
384
83
30
35
56
231
643
57
90
630
532
147
28
122
32
97
654
578
69
507
704
352
634
33
71
185
221
219
466
73
243
59
556
325
198
88
134
154
15
31
1193
83
136
814
36
594
320
80
38
44
167
149
15
21
49
153
42
113
403
2418
37
10
14
52
324
103
817
239
53
44
81
716
28
282
216
35
130
1326
194
66
81
59
115
15
25
40
1026
204
412
222
227
221
489
48
98
220
446
777
656
1085
88
155
109
166
104
4099
66
162
931
126
493
97
290
76
366
335
37
183
1093
135
80
73
103
388
551
518
86
20
1521
18
18
57
87
47
99
218
525
37
203
163
173
47
165
107
41
101
152
117
510
952
171
79
849
199
56
245
557
57
186
312
106
407
389
87
128
22
136
73
91
564
17
47
302
36
544
92
277
121
396
142
42
42
79
39
46
841
495
89
41
275
42
452
467
*doc91:Billboard Việt Nam
16
162
29
109
223
20
101
2036
707
1124
75
58
672
110
7160
202
4930
1754
656
402
1309
208
290
2166
2757
121
3068
33
93
3681
1121
128
121
11
138
323
274
208
107
33
47
21429
663
48
9002
243
174
16
6611
179
158
310
12192
5633
48
459
181
2515
1615
25
1290
192
192
523
38
60
49
66
182
46
1214
1021
45
7442
501
667
157
163
191
1478
10037
2030
2506
959
145
497
222
76
15309
4808
268
81
154
194
94
556
462
354
37
283
104
184
87
61
2509
349
61
10
109
142
131
479
48
385
1454
35
77
134
158
687
94
45
456
59
77
12351
146
582
737
112
302
4620
171
364
4250
107
189
325
344
32
1206
474
26434
375
88
208
360
119
85
502
7041
159
707
1987
58
27
91
49
37
60
400
68
40
86
178
102
21
48
210
49
187
78
764
209
19
203
153
131
478
55
776
47
188
476
128
65
290
56
622
737
29
105
225
43
33996
119
230
48
134
374
38
95
148
51
285
79
146
94
65
326
76
655
43
214
28
*doc92:VOV Giao Thông
10
15
57
20
58
21
100
103
30
44
14
16
47
23
94
16
975
24
150
126
20
75
27
21
119
21
34
341
135
158
65
19
37
10
57
12
25
61
48
21
16
99
26
30
60
20
50
48
63
28
27
51
90
179
229
132
105
319
14
139
790
26
17
17
47
14
32
68
39
26
85
18
24
15
41
11
15
259
30
86
55
62
16
15
53
41
12
122
17
91
19
24
19
79
52
40
40
16
149
22
150
51
20
19
55
33
19
43
20
48
87
18
38
129
76
69
31
11
48
20
27
31
37
22
64
204
10
110
75
235
16
36
20
25
38
152
33
284
25
238
31
414
39
53
194
24
176
175
25
260
30
26
132
23
34
68
38
35
42
28
211
21
21
21
158
18
125
28
53
63
130
26
53
97
231
22
36
147
16
158
53
25
*doc93:Barcode Magazine Vietnam
20
70
260
400
120
139
426
30
400
0
30
323
90
120
0
240
220
20
40
0
60
320
160
463
20
1040
40
313
350
10
120
20
330
80
10
130
80
20
10
60
20
380
10
50
93
80
40
40
140
30
60
780
470
50
40
360
110
30
30
20
170
60
1310
60
33
70
160
60
*doc94:Forbes Vietnam
3
39
11
9
52
33
29
15
37
41
48
22
39
22
58
35
9
24
25
26
41
13
41
44
22
20
35
23
12
12
16
24
20
20
22
158
13
18
41
21
14
14
45
50
14
47
36
15
129
16
18
18
21
23
91
36
52
39
24
13
58
33
16
28
20
20
29
18
56
18
53
48
30
16
13
24
47
17
19
53
23
21
54
18
18
60
10
36
25
20
51
38
18
78
27
34
41
19
24
32
74
40
23
21
40
28
39
61
25
*doc96:Tiếp Thị & Gia Đình
6
31
8
40
9
41
33
4
36
9
38
8
35
21
17
37
7
35
7
36
34
7
41
9
36
7
38
1
35
8
37
5
48
14
38
36
11
49
12
41
3
41
15
36
13
43
15
41
18
*doc98:METUB Network
8
29
140
173
609
28
55
28
8751
386
5672
17
492
1703
407
384
351
11
19
11
2596
25
1927
82
8115
1261
242
47
533
62
77
30
108
*doc99:Sport5.vn
448
483
413
509
756
736
636
769
626
646
666
739
925
1610
1698
1411
1364
1319
1159
1577
1474
1315
1126
1237
1068
1138
1408
1521
985
1156
1279
976
1750
1166
1721
1919
1702
1253
1309
1551
1322
1714
1201
1282
1126
1429
1085
1063
1505
1941
1681
1789
1532
1825
1719
1523
1929
2076
2046
1473
2838
1813
3708
2792
3064
1992
2308
1513
1721
2406
1233
1356
1176
1958
1996
1340
1328
1546
1897
1210
1276
1009
1848
1653
1346
1503
923
1951
1513
1861
1258
1886
1138
1714
2176
2031
1815
2227
2997
2139
3066
3025
2807
3495
2585
2404
2249
1710
1783
2187
2734
1960
2177
1788
1779
2187
3409
1619
2011
1775
1433
1675
1593
1403
1405
1685
2008
2097
1606
2490
2065
3119
1783
1797
1656
1955
2126
1997
1865
1663
1907
1246
1685
1775
1707
2847
2113
1932
1197
1479
1478
1691
2004
1964
*doc100:Thông Tấn Xã Việt Nam (TTXVN)
19
13
49
19
27
41
502
27
37
29
23
16
42
29
93
36
36
71
53
87
98
87
129
18
41
155
145
116
40
56
302
231
43
46
207
104
52
193
53
39
79
18
184
43
49
53
132
170
174
343
25
118
25
28
24
29
28
51
30
78
44
33
34
98
17
52
43
36
41
45
145
676
41
62
42
39
43
16
418
170
73
49
110
668
38
275
27
29
271
32
50
46
64
74
39
49
103
106
190
156
74
53
472
46
98
32
370
79
27
29
162
689
234
51
306
23
99
29
99
65
328
24
50
74
269
68
22
90
7093
57
187
20
16
155
33
277
241
485
413
26
39
152
28
99
41
56
73
42
34
25
44
62
120
60
22
46
81
26
102
54
52
75
52
35
52
210
52
37
151
23
83
59
57
71
176
289
591
381
56
271
65
56
134
56
14
22
84
24
33
26
45
39
49
243
106
25
54
35
25
131
87
50
639
183
242
21
68
25
39
119
38
140
53
58
61
219
22
34
65
328
45
40
50
701
114
163
119
175
27
174
28
31
43
22
46
203
75
55
125
71
204
279
50
128
59
69
71
70
59
64
46
32
165
76
246
40
24
23
30
57
407
31
436
191
28
135
28
58
100
109
285
69
126
54
34
16
186
22
59
26
28
63
30
36
33
20
33
206
85
484
36
49
251
43
44
47
30
28
38
*doc101:VietnamPlus
5
20
53
9
12
20
4
9
9
4
6
15
11
7
7
10
7
6
54
21
19
60
3
8
4
8
7
6
39
13
13
13
19
57
7
15
4
18
7
12
4
41
6
7
7
5
17
22
8
6
15
9
4
8
5
8
14
6
*doc102:Saigoneer
24
226
9
403
11
86
11
18
13
25
136
43
121
22
69
86
240
28
43
70
30
139
30
72
5
64
89
32
82
386
12
135
69
420
38
60
15
46
90
29
173
32
18
15
113
35
103
32
258
31
58
29
29
166
77
57
80
22
17
240
252
20
444
75
346
40
113
625
9
293
174
20
410
38
47
276
77
35
115
56
30
19
81
120
34
45
173
161
59
738
34
450
29
35
408
99
568
55
108
12
35
56
212
13
314
132
26
22
123
268
39
335
11
28
132
653
29
166
35
72
211
38
64
22
43
41
*doc103:POPS Worldwide
3
7
13
127
11
8
10
12
13
61
96
157
39
63
31
7
470
10
19
6
717
13
37
29
14
27
114
76
58
29
1660
136
32
*doc104:Thantuong.tv
0
10
10
10
10
60
20
10
10
20
10
10
10
10
10
30
30
10
10
20
10
20
30
20
60
186
20
10
56
30
10
10
20
10
10
10
10
10
333
10
10
40
120
1601
140
160
120
100
670
40
100
70
40
10
10
10
10
10
10
20
10
130
90
10
10
10
10
20
10
10
10
10
30
240
10
10
20
20
560
220
30
10
10
10
30
30
10
20
20
260
403
348
30
10
10
20
30
10
10
10
10
10
20
20
60
20
20
368
20
293
123
494
30
30
20
20
10
303
63
60
553
30
40
10
10
10
10
40
20
10
543
150
20
20
40
30
20
20
260
10
10
10
20
80
20
20
10
30
30
30
60
30
30
30
163
40
30
40
50
60
896
240
240
220
30
30
20
30
180
10
60
30
30
10
30
10
10
20
363
100
50
140
180
350
130
30
10
10
20
160
176
50
20
10
10
20
10
10
20
16
10
30
30
10
596
750
110
60
20
10
20
10
10
10
143
40
30
100
60
30
20
20
20
10
10
10
60
593
10
83
30
40
20
80
70
116
90
40
140
20
10
10
10
10
20
20
210
10
10
90
301
20
20
150
60
10
10
30
10
10
70
40
120
70
320
60
10
186
10
20
10
*doc105:CafeLand.vn
12
2
24
6
22
4
145
27
31
9
11
10
8
11
25
239
7
6
9
11
3
49
7
8
113
8
12
380
6
119
4
151
16
106
8
57
32
9
19
6
7
212
9
6
6
35
17
2
32
8
14
19
8
7
52
11
26
15
10
8
151
40
42
67
2
4
18
6
544
101
9
46
24
5
12
3
36
20
5
584
9
49
40
19
18
13
2
4
4
7
7
7
6
26
9
8
7
19
3
7
8
6
15
9
10
26
16
79
5
6
44
8
6
14
16
2
29
3
162
4
87
6
125
186
17
51
82
18
4
10
29
13
4
15
15
3
7
292
8
46
30
18
8
11
7
5
81
47
75
4
6
124
59
15
16
9
6
26
5
7
19
13
13
10
14
32
20
6
20
25
10
68
29
15
24
32
15
30
57
12
119
32
27
15
68
4
11
13
19
11
9
30
10
63
5
95
5
9
13
36
14
98
13
11
16
10
17
31
11
2
7
55
29
10
8
12
35
58
13
17
3
1
160
8
111
8
84
40
16
6
906
9
4
5
8
12
8
7
40
71
1
23
10
5
21
6
267
8
91
14
3
10
5
14
51
3
2
7
5
14
4
13
35
5
6
10
22
16
20
1
10
6
15
35
93
5
41
57
4
4
65
45
14
11
5
4
37
9
4
203
10
6
5
11
9
114
8
36
13
8
4
8
6
5
6
10
7
7
5
112
4
8
25
9
381
10
6
*doc107:Truyền hình MyTV
30
10
20
40
100
113
186
76
264
50
70
36
163
70
70
183
120
116
50
0
99
36
85
154
200
65
80
70
270
100
30
213
60
116
69
40
60
170
*doc108:SBS Vietnamese
50
160
230
220
376
3038
200
156
160
1140
220
382
1635
981
270
120
2406
495
1144
280
1256
80
80
1230
380
879
123
1685
210
6146
2487
1619
630
210
360
130
190
440
1701
120
143
250
970
830
190
583
700
220
283
1326
1251
675
4886
1445
330
454
673
1649
190
1484
290
293
90
553
2151
103
684
1657
250
333
2595
580
90
513
236
360
2154
70
1151
503
4795
183
3021
450
430
597
120
150
1094
170
269
1378
935
1798
2379
300
290
351
1802
260
1114
3548
203
3388
1071
140
170
100
393
677
393
500
2399
1387
630
610
153
1059
50
330
4290
180
915
1848
410
130
1063
423
2701
779
390
240
340
450
1400
183
193
1040
820
340
173
3802
713
140
250
2553
223
149
406
190
310
170
585
1818
270
500
123
345
80
506
2042
1561
1514
120
260
4540
1042
488
546
409
220
130
3971
403
1864
453
1837
3423
230
920
2166
2061
1320
2940
110
1168
1751
140
2698
1763
923
1952
210
300
918
383
90
470
780
243
430
260
160
828
200
1175
146
1894
493
373
1255
1909
146
810
1291
783
460
80
280
1273
446
156
2299
230
200
893
130
210
1073
160
1412
140
747
2695
783
910
356
110
600
353
190
150
173
450
8641
495
113
140
1468
383
490
1164
4295
70
2481
160
643
160
335
183
1235
1925
956
501
816
1883
410
156
230
756
250
190
1074
5715
560
240
2456
2535
203
339
2105
890
383
393
837
250
460
9278
350
320
300
1390
330
823
954
2595
*doc109:Men&life magazine
7
8
10
15
13
18
1420
10
11
19
10
3217
11
6
10
9
*doc110:Spoon Radio Vietnam
9
164
116
220
253
121
382
147
184
711
255
350
164
303
*doc111:NHỊP CẦU ĐẦU TƯ
2
10
9
26
34
41
9
19
10
4
30
12
15
20
44
5
7
36
10
7
17
38
16
7
5
3
16
18
18
13
8
4
4
20
8
6
14
7
23
18
10
33
8
12
15
6
9
22
6
48
14
14
19
10
10
15
31
9
19
17
10
13
9
7
13
11
20
6
12
8
8
4
13
11
13
12
14
15
19
16
9
10
6
15
11
7
43
24
10
5
6
15
12
4
25
25
5
6
17
14
10
*doc112:BizLIVE
0
20
40
43
162
30
40
140
40
10
23
20
10
10
20
40
10
69
60
50
50
70
290
40
40
340
50
73
53
0
410
110
70
30
0
160
100
170
50
40
80
10
40
30
13
130
80
10
86
60
30
50
43
20
30
80
250
50
40
0
60
60
10
83
40
0
60
20
486
70
30
140
20
229
10
40
53
30
190
80
43
120
70
100
60
20
40
321
20
20
213
30
70
20
113
30
80
60
20
30
93
20
20
50
0
50
143
20
20
40
309
40
90
23
100
10
290
63
40
190
223
70
20
50
40
209
560
143
10
30
20
150
70
150
40
123
50
10
448
40
60
153
60
40
100
40
50
50
60
30
40
70
143
20
50
20
140
10
30
10
70
30
40
30
30
50
96
70
50
30
60
40
20
70
100
103
20
40
90
0
160
484
20
80
0
50
110
100
60
30
10
60
50
110
20
40
0
30
80
20
40
40
20
20
10
10
10
60
60
0
0
33
10
20
20
90
86
10
100
40
56
20
20
13
20
0
0
10
60
90
80
40
110
120
10
160
10
313
40
0
80
60
10
20
70
130
30
60
70
0
0
40
30
136
73
30
80
40
20
73
50
63
69
72
10
*doc113:Vietcetera
12
52
16
32
149
334
31
18
67
43
69
31
167
31
47
48
32
55
25
193
109
35
50
35
117
18
99
41
50
18
74
1203
150
964
387
33
418
42
133
257
57
35
40
124
2078
80
130
588
196
99
90
173
59
*doc115:Dạy Con Tài Giỏi
0
*doc116:HTVC
50
0
50
40
20
10
100
40
50
10
80
70
50
90
100
80
40
20
50
30
50
120
50
90
120
50
30
50
110
50
20
80
90
40
40
143
40
80
60
60
20
30
10
*doc117:Harper's Bazaar VN
33
133
15
16
14
40
20
20
32
8
38
24
8
13
27
7
11
8
*doc118:VTC16 Nông nghiệp - Nông thôn - Nông dân
9
12
19
6
9
16
6
18
16
38
11
1
20
7
12
9
29
31
20
19
31
8
12
18
21
13
13
11
7
22
13
6
821
8
3
13
11
4
5
6
9
26
12
2122
30
29
9
17
51
19
9
18
23
52
1
15
10
13
71
55
4
27
95
20
13
19
9
11
20
26
36
25
38
15
18
31
12
8
10
17
23
27
20
19
11
7
20
19
13
7
25
13
10
11
36
23
3
4
20
5
9
6
22
32
17
10
10
7
4
7
17
7
9
11
13
1356
30
25
624
13
9
6
14
51
*doc120:SCTV14 - Kênh Phim Việt
9
9
240
802
13
1118
13
11
668
185
287
74
39
14
13
8
46
11
1842
21
687
1736
612
197
502
645
326
884
572
23
506
736
705
38
5173
29
647
23
1157
1218
972
774
17
690
*doc121:YAN TRẺ
3
0
99
87
10
0
0
0
1857
*doc122:YAN Sports
0
20
0
10
10
30
10
0
0
53
0
0
70
0
0
16
20
30
20
0
0
0
0
0
0
0
10
63
0
